15, 215, 112
15, 215, 539
15, 215, 777
15, 215, 121
15, 215, 548
15, 215, 786
15, 215, 1024
15, 215, 130
15, 215, 795
15, 215, 1033
15, 215, 139
15, 215, 377
15, 215, 804
15, 215, 1042
15, 215, 148
15, 215, 386
15, 215, 1051
15, 215, 395
15, 215, 633
15, 215, 1060
15, 215, 404
15, 215, 642
15, 215, 413
15, 215, 651
15, 215, 889
15, 215, 660
15, 215, 898
15, 215, 242
15, 215, 669
15, 215, 907
15, 215, 251
15, 215, 916
15, 215, 1154
15, 215, 260
15, 215, 498
15, 215, 925
15, 215, 1163
15, 215, 269
15, 215, 507
15, 215, 1172
15, 215, 278
15, 215, 516
15, 215, 754
15, 215, 1181
15, 215, 525
15, 215, 763
15, 215, 1190
15, 215, 107
15, 215, 534
15, 215, 772
15, 215, 116
15, 215, 781
15, 215, 1019
15, 215, 125
15, 215, 363
15, 215, 790
15, 215, 1028
15, 215, 134
15, 215, 372
15, 215, 1037
15, 215, 143
15, 215, 381
15, 215, 619
15, 215, 1046
15, 215, 390
15, 215, 628
15, 215, 1055
15, 215, 399
15, 215, 637
15, 215, 646
15, 215, 884
15, 215, 228
15, 215, 655
15, 215, 893
15, 215, 237
15, 215, 902
15, 215, 1140
15, 215, 246
15, 215, 484
15, 215, 911
15, 215, 1149
15, 215, 255
15, 215, 493
15, 215, 920
15, 215, 1158
15, 215, 264
15, 215, 502
15, 215, 1167
15, 215, 511
15, 215, 749
15, 215, 1176
15, 215, 93
15, 215, 520
15, 215, 758
15, 215, 102
15, 215, 767
15, 215, 1005
15, 215, 111
15, 215, 349
15, 215, 776
15, 215, 1014
15, 215, 120
15, 215, 358
15, 215, 785
15, 215, 1023
15, 215, 129
15, 215, 367
15, 215, 1032
15, 215, 376
15, 215, 614
15, 215, 1041
15, 215, 385
15, 215, 623
15, 215, 632
15, 215, 870
15, 215, 214
15, 215, 641
15, 215, 879
15, 215, 223
15, 215, 650
15, 215, 888
15, 215, 232
15, 215, 897
15, 215, 1135
15, 215, 241
15, 215, 479
15, 215, 906
15, 215, 1144
15, 215, 250
15, 215, 488
15, 215, 1153
15, 215, 497
15, 215, 735
15, 215, 1162
15, 215, 79
15, 215, 506
15, 215, 744
15, 215, 1171
15, 215, 88
15, 215, 515
15, 215, 753
15, 215, 97
15, 215, 762
15, 215, 1000
15, 215, 106
15, 215, 344
15, 215, 771
15, 215, 1009
15, 215, 115
15, 215, 353
15, 215, 1018
15, 215, 362
15, 215, 600
15, 215, 1027
15, 215, 371
15, 215, 609
15, 215, 1036
15, 215, 380
15, 215, 618
15, 215, 627
15, 215, 865
15, 215, 209
15, 215, 636
15, 215, 874
15, 215, 218
15, 215, 883
15, 215, 1121
15, 215, 227
15, 215, 465
15, 215, 892
15, 215, 1130
15, 215, 236
15, 215, 474
15, 215, 901
15, 215, 1139
15, 215, 245
15, 215, 483
15, 215, 1148
15, 215, 492
15, 215, 730
15, 215, 1157
15, 215, 74
15, 215, 501
15, 215, 739
15, 215, 83
15, 215, 748
15, 215, 986
15, 215, 92
15, 215, 330
15, 215, 757
15, 215, 995
15, 215, 101
15, 215, 339
15, 215, 766
15, 215, 1004
15, 215, 110
15, 215, 348
15, 215, 1013
15, 215, 357
15, 215, 595
15, 215, 1022
15, 215, 366
15, 215, 604
15, 215, 613
15, 215, 851
15, 215, 195
15, 215, 622
15, 215, 860
15, 215, 204
15, 215, 631
15, 215, 869
15, 215, 213
15, 215, 878
15, 215, 1116
15, 215, 222
15, 215, 460
15, 215, 887
15, 215, 1125
15, 215, 231
15, 215, 469
15, 215, 1134
15, 215, 478
15, 215, 716
15, 215, 1143
15, 215, 60
15, 215, 487
15, 215, 725
15, 215, 1152
15, 215, 69
15, 215, 496
15, 215, 734
15, 215, 78
15, 215, 743
15, 215, 981
15, 215, 87
15, 215, 325
15, 215, 752
15, 215, 990
15, 215, 96
15, 215, 334
15, 215, 999
15, 215, 343
15, 215, 581
15, 215, 1008
15, 215, 352
15, 215, 590
15, 215, 1017
15, 215, 361
15, 215, 599
15, 215, 608
15, 215, 846
15, 215, 190
15, 215, 617
15, 215, 855
15, 215, 199
15, 215, 864
15, 215, 1102
15, 215, 208
15, 215, 446
15, 215, 873
15, 215, 1111
15, 215, 217
15, 215, 455
15, 215, 882
15, 215, 1120
15, 215, 226
15, 215, 464
15, 215, 1129
15, 215, 473
15, 215, 711
15, 215, 1138
15, 215, 55
15, 215, 482
15, 215, 720
15, 215, 64
15, 215, 729
15, 215, 967
15, 215, 73
15, 215, 311
15, 215, 738
15, 215, 976
15, 215, 82
15, 215, 320
15, 215, 747
15, 215, 985
15, 215, 91
15, 215, 329
15, 215, 994
15, 215, 338
15, 215, 576
15, 215, 1003
15, 215, 347
15, 215, 585
15, 215, 594
15, 215, 832
15, 215, 176
15, 215, 603
15, 215, 841
15, 215, 185
15, 215, 612
15, 215, 850
15, 215, 1088
15, 215, 194
15, 215, 859
15, 215, 1097
15, 215, 203
15, 215, 441
15, 215, 868
15, 215, 1106
15, 215, 212
15, 215, 450
15, 215, 1115
15, 215, 459
15, 215, 697
15, 215, 1124
15, 215, 41
15, 215, 468
15, 215, 706
15, 215, 50
15, 215, 477
15, 215, 715
15, 215, 953
15, 215, 59
15, 215, 724
15, 215, 962
15, 215, 68
15, 215, 306
15, 215, 733
15, 215, 971
15, 215, 77
15, 215, 315
15, 215, 980
15, 215, 324
15, 215, 562
15, 215, 989
15, 215, 333
15, 215, 571
15, 215, 342
15, 215, 580
15, 215, 818
15, 215, 589
15, 215, 827
15, 215, 171
15, 215, 598
15, 215, 836
15, 215, 180
15, 215, 845
15, 215, 1083
15, 215, 189
15, 215, 427
15, 215, 854
15, 215, 1092
15, 215, 198
15, 215, 436
15, 215, 1101
15, 215, 207
15, 215, 445
15, 215, 683
15, 215, 1110
15, 215, 454
15, 215, 692
15, 215, 1119
15, 215, 36
15, 215, 463
15, 215, 701
15, 215, 45
15, 215, 710
15, 215, 948
15, 215, 54
15, 215, 292
15, 215, 719
15, 215, 957
15, 215, 63
15, 215, 301
15, 215, 966
15, 215, 72
15, 215, 1204
15, 215, 310
15, 215, 975
15, 215, 1213
15, 215, 319
15, 215, 557
15, 215, 984
15, 215, 328
15, 215, 566
15, 215, 575
15, 215, 813
15, 215, 157
15, 215, 584
15, 215, 822
15, 215, 166
15, 215, 593
15, 215, 831
15, 215, 1069
15, 215, 175
15, 215, 840
15, 215, 1078
15, 215, 184
15, 215, 422
15, 215, 849
15, 215, 1087
15, 215, 193
15, 215, 431
15, 215, 1096
15, 215, 440
15, 215, 678
15, 215, 1105
15, 215, 22
15, 215, 449
15, 215, 687
15, 215, 31
15, 215, 458
15, 215, 696
15, 215, 934
15, 215, 40
15, 215, 705
15, 215, 943
15, 215, 49
15, 215, 287
15, 215, 714
15, 215, 952
15, 215, 58
15, 215, 296
15, 215, 961
15, 215, 1199
15, 215, 305
15, 215, 543
15, 215, 970
15, 215, 1208
15, 215, 314
15, 215, 552
15, 215, 323
15, 215, 561
15, 215, 799
15, 215, 570
15, 215, 808
15, 215, 152
15, 215, 579
15, 215, 817
15, 215, 161
15, 215, 826
15, 215, 1064
15, 215, 170
15, 215, 408
15, 215, 835
15, 215, 1073
15, 215, 179
15, 215, 417
15, 215, 1082
15, 215, 188
15, 215, 426
15, 215, 664
15, 215, 1091
15, 215, 435
15, 215, 673
15, 215, 1100
15, 215, 17
15, 215, 444
15, 215, 682
15, 215, 26
15, 215, 691
15, 215, 929
15, 215, 35
15, 215, 273
15, 215, 700
15, 215, 938
15, 215, 44
15, 215, 282
15, 215, 947
15, 215, 53
15, 215, 1185
15, 215, 291
15, 215, 529
15, 215, 956
15, 215, 1194
15, 215, 300
15, 215, 538
15, 215, 965
15, 215, 1203
15, 215, 309
15, 215, 547
15, 215, 1212
15, 215, 556
15, 215, 794
15, 215, 138
15, 215, 565
15, 215, 803
15, 215, 147
15, 215, 812
15, 215, 1050
15, 215, 156
15, 215, 394
15, 215, 821
15, 215, 1059
15, 215, 165
15, 215, 403
15, 215, 830
15, 215, 1068
15, 215, 174
15, 215, 412
15, 215, 1077
15, 215, 421
15, 215, 659
15, 215, 1086
15, 215, 430
15, 215, 668
15, 215, 677
15, 215, 915
15, 215, 21
15, 215, 259
15, 215, 686
15, 215, 924
15, 215, 30
15, 215, 268
15, 215, 695
15, 215, 933
15, 215, 39
15, 215, 277
15, 215, 942
15, 215, 1180
15, 215, 286
15, 215, 524
15, 215, 951
15, 215, 1189
15, 215, 295
15, 215, 533
15, 215, 1198
15, 215, 542
15, 215, 780
15, 215, 1207
15, 215, 124
15, 215, 551
15, 215, 789
15, 215, 133
15, 215, 560
15, 215, 798
15, 215, 142
15, 215, 807
15, 215, 1045
15, 215, 151
15, 215, 389
15, 215, 816
15, 215, 1054
15, 215, 160
15, 215, 398
15, 215, 1063
15, 215, 407
15, 215, 645
15, 215, 1072
15, 215, 416
15, 215, 654
15, 215, 1081
15, 215, 425
15, 215, 663
15, 215, 672
15, 215, 910
15, 215, 16
15, 215, 1195
15, 215, 254
15, 215, 681
15, 215, 919
15, 215, 25
15, 215, 263
15, 215, 928
15, 215, 1166
15, 215, 272
15, 215, 510
15, 215, 937
15, 215, 1175
15, 215, 281
15, 215, 519
15, 215, 946
15, 215, 1184
15, 215, 290
15, 215, 528
15, 215, 1193
15, 215, 537
15, 215, 775
15, 215, 1202
15, 215, 119
15, 215, 546
15, 215, 784
15, 215, 128
15, 215, 793
15, 215, 1031
15, 215, 137
15, 215, 375
15, 215, 802
15, 215, 1040
15, 215, 146
15, 215, 384
15, 215, 811
15, 215, 1049
15, 215, 155
15, 215, 393
15, 215, 1058
15, 215, 402
15, 215, 640
15, 215, 1067
15, 215, 411
15, 215, 649
15, 215, 658
15, 215, 896
15, 215, 240
15, 215, 667
15, 215, 905
15, 215, 249
15, 215, 676
15, 215, 914
15, 215, 20
15, 215, 258
15, 215, 923
15, 215, 1161
15, 215, 267
15, 215, 505
15, 215, 932
15, 215, 1170
15, 215, 276
15, 215, 514
15, 215, 1179
15, 215, 523
15, 215, 761
15, 215, 1188
15, 215, 105
15, 215, 532
15, 215, 770
15, 215, 1197
15, 215, 114
15, 215, 541
15, 215, 779
15, 215, 123
15, 215, 788
15, 215, 1026
15, 215, 132
15, 215, 370
15, 215, 797
15, 215, 1035
15, 215, 141
15, 215, 379
15, 215, 1044
15, 215, 388
15, 215, 626
15, 215, 1053
15, 215, 397
15, 215, 635
15, 215, 1062
15, 215, 406
15, 215, 644
15, 215, 653
15, 215, 891
15, 215, 235
15, 215, 662
15, 215, 900
15, 215, 244
15, 215, 909
15, 215, 1147
15, 215, 253
15, 215, 491
15, 215, 918
15, 215, 1156
15, 215, 262
15, 215, 500
15, 215, 927
15, 215, 1165
15, 215, 271
15, 215, 509
15, 215, 1174
15, 215, 518
15, 215, 756
15, 215, 1183
15, 215, 100
15, 215, 527
15, 215, 765
15, 215, 109
15, 215, 774
15, 215, 1012
15, 215, 118
15, 215, 356
15, 215, 783
15, 215, 1021
15, 215, 127
15, 215, 365
15, 215, 792
15, 215, 1030
15, 215, 136
15, 215, 374
15, 215, 1039
15, 215, 383
15, 215, 621
15, 215, 1048
15, 215, 392
15, 215, 630
15, 215, 639
15, 215, 877
15, 215, 221
15, 215, 648
15, 215, 886
15, 215, 230
15, 215, 657
15, 215, 895
15, 215, 1133
15, 215, 239
15, 215, 904
15, 215, 1142
15, 215, 248
15, 215, 486
15, 215, 913
15, 215, 1151
15, 215, 257
15, 215, 495
15, 215, 1160
15, 215, 504
15, 215, 742
15, 215, 1169
15, 215, 86
15, 215, 513
15, 215, 751
15, 215, 95
15, 215, 522
15, 215, 760
15, 215, 998
15, 215, 104
15, 215, 769
15, 215, 1007
15, 215, 113
15, 215, 351
15, 215, 778
15, 215, 1016
15, 215, 122
15, 215, 360
15, 215, 1025
15, 215, 369
15, 215, 607
15, 215, 1034
15, 215, 378
15, 215, 616
15, 215, 387
15, 215, 625
15, 215, 863
15, 215, 634
15, 215, 872
15, 215, 216
15, 215, 643
15, 215, 881
15, 215, 225
15, 215, 890
15, 215, 1128
15, 215, 234
15, 215, 472
15, 215, 899
15, 215, 1137
15, 215, 243
15, 215, 481
15, 215, 1146
15, 215, 252
15, 215, 490
15, 215, 728
15, 215, 1155
15, 215, 499
15, 215, 737
15, 215, 1164
15, 215, 81
15, 215, 508
15, 215, 746
15, 215, 90
15, 215, 755
15, 215, 993
15, 215, 99
15, 215, 337
15, 215, 764
15, 215, 1002
15, 215, 108
15, 215, 346
15, 215, 1011
15, 215, 117
15, 215, 355
15, 215, 1020
15, 215, 364
15, 215, 602
15, 215, 1029
15, 215, 373
15, 215, 611
15, 215, 620
15, 215, 858
15, 215, 202
15, 215, 629
15, 215, 867
15, 215, 211
15, 215, 876
15, 215, 1114
15, 215, 220
15, 215, 885
15, 215, 1123
15, 215, 229
15, 215, 467
15, 215, 894
15, 215, 1132
15, 215, 238
15, 215, 476
15, 215, 1141
15, 215, 485
15, 215, 723
15, 215, 1150
15, 215, 67
15, 215, 494
15, 215, 732
15, 215, 76
15, 215, 503
15, 215, 741
15, 215, 979
15, 215, 85
15, 215, 750
15, 215, 988
15, 215, 94
15, 215, 332
15, 215, 759
15, 215, 997
15, 215, 103
15, 215, 341
15, 215, 1006
15, 215, 350
15, 215, 588
15, 215, 1015
15, 215, 359
15, 215, 597
15, 215, 368
15, 215, 606
15, 215, 844
15, 215, 615
15, 215, 853
15, 215, 197
15, 215, 624
15, 215, 862
15, 215, 206
15, 215, 871
15, 215, 1109
15, 215, 215
15, 215, 453
15, 215, 880
15, 215, 1118
15, 215, 224
15, 215, 462
15, 215, 1127
15, 215, 233
15, 215, 471
15, 215, 709
15, 215, 1136
15, 215, 480
15, 215, 718
15, 215, 1145
15, 215, 62
15, 215, 489
15, 215, 727
15, 215, 71
15, 215, 736
15, 215, 974
15, 215, 80
15, 215, 318
15, 215, 745
15, 215, 983
15, 215, 89
15, 215, 327
15, 215, 992
15, 215, 98
15, 215, 336
15, 215, 574
15, 215, 1001
15, 215, 345
15, 215, 583
15, 215, 1010
15, 215, 354
15, 215, 592
15, 215, 601
15, 215, 839
15, 215, 183
15, 215, 610
15, 215, 848
15, 215, 192
15, 215, 857
15, 215, 1095
15, 215, 201
15, 215, 439
15, 215, 866
15, 215, 1104
15, 215, 210
15, 215, 448
15, 215, 875
15, 215, 1113
15, 215, 219
15, 215, 457
15, 215, 1122
15, 215, 466
15, 215, 704
15, 215, 1131
15, 215, 48
15, 215, 475
15, 215, 713
15, 215, 57
15, 215, 722
15, 215, 960
15, 215, 66
15, 215, 304
15, 215, 731
15, 215, 969
15, 215, 75
15, 215, 313
15, 215, 740
15, 215, 978
15, 215, 84
15, 215, 322
15, 215, 987
15, 215, 331
15, 215, 569
15, 215, 996
15, 215, 340
15, 215, 578
15, 215, 587
15, 215, 825
15, 215, 169
15, 215, 596
15, 215, 834
15, 215, 178
15, 215, 605
15, 215, 843
15, 215, 187
15, 215, 852
15, 215, 1090
15, 215, 196
15, 215, 434
15, 215, 861
15, 215, 1099
15, 215, 205
15, 215, 443
15, 215, 1108
15, 215, 452
15, 215, 690
15, 215, 1117
15, 215, 34
15, 215, 461
15, 215, 699
15, 215, 1126
15, 215, 43
15, 215, 470
15, 215, 708
15, 215, 52
15, 215, 717
15, 215, 955
15, 215, 61
15, 215, 299
15, 215, 726
15, 215, 964
15, 215, 70
15, 215, 308
15, 215, 973
15, 215, 1211
15, 215, 317
15, 215, 555
15, 215, 982
15, 215, 326
15, 215, 564
15, 215, 991
15, 215, 335
15, 215, 573
15, 215, 582
15, 215, 820
15, 215, 164
15, 215, 591
15, 215, 829
15, 215, 173
15, 215, 838
15, 215, 1076
15, 215, 182
15, 215, 420
15, 215, 847
15, 215, 1085
15, 215, 191
15, 215, 429
15, 215, 856
15, 215, 1094
15, 215, 200
15, 215, 438
15, 215, 1103
15, 215, 447
15, 215, 685
15, 215, 1112
15, 215, 29
15, 215, 456
15, 215, 694
15, 215, 38
15, 215, 703
15, 215, 941
15, 215, 47
15, 215, 285
15, 215, 712
15, 215, 950
15, 215, 56
15, 215, 294
15, 215, 721
15, 215, 959
15, 215, 65
15, 215, 303
15, 215, 968
15, 215, 1206
15, 215, 312
15, 215, 550
15, 215, 977
15, 215, 1215
15, 215, 321
15, 215, 559
15, 215, 568
15, 215, 806
15, 215, 150
15, 215, 577
15, 215, 815
15, 215, 159
15, 215, 586
15, 215, 824
15, 215, 168
15, 215, 833
15, 215, 1071
15, 215, 177
15, 215, 415
15, 215, 842
15, 215, 1080
15, 215, 186
15, 215, 424
15, 215, 1089
15, 215, 433
15, 215, 671
15, 215, 1098
15, 215, 15
15, 215, 442
15, 215, 680
15, 215, 1107
15, 215, 24
15, 215, 451
15, 215, 689
15, 215, 33
15, 215, 698
15, 215, 936
15, 215, 42
15, 215, 280
15, 215, 707
15, 215, 945
15, 215, 51
15, 215, 289
15, 215, 954
15, 215, 1192
15, 215, 298
15, 215, 536
15, 215, 963
15, 215, 1201
15, 215, 307
15, 215, 545
15, 215, 972
15, 215, 1210
15, 215, 316
15, 215, 554
15, 215, 563
15, 215, 801
15, 215, 145
15, 215, 572
15, 215, 810
15, 215, 154
15, 215, 819
15, 215, 1057
15, 215, 163
15, 215, 401
15, 215, 828
15, 215, 1066
15, 215, 172
15, 215, 410
15, 215, 837
15, 215, 1075
15, 215, 181
15, 215, 419
15, 215, 1084
15, 215, 428
15, 215, 666
15, 215, 1093
15, 215, 437
15, 215, 675
15, 215, 19
15, 215, 684
15, 215, 922
15, 215, 28
15, 215, 266
15, 215, 693
15, 215, 931
15, 215, 37
15, 215, 275
15, 215, 702
15, 215, 940
15, 215, 46
15, 215, 1178
15, 215, 284
15, 215, 949
15, 215, 1187
15, 215, 293
15, 215, 531
15, 215, 958
15, 215, 1196
15, 215, 302
15, 215, 540
15, 215, 1205
15, 215, 549
15, 215, 787
15, 215, 1214
15, 215, 131
15, 215, 558
15, 215, 796
15, 215, 140
15, 215, 567
15, 215, 805
15, 215, 1043
15, 215, 149
15, 215, 814
15, 215, 1052
15, 215, 158
15, 215, 396
15, 215, 823
15, 215, 1061
15, 215, 167
15, 215, 405
15, 215, 1070
15, 215, 414
15, 215, 652
15, 215, 1079
15, 215, 423
15, 215, 661
15, 215, 432
15, 215, 670
15, 215, 908
15, 215, 679
15, 215, 917
15, 215, 23
15, 215, 261
15, 215, 688
15, 215, 926
15, 215, 32
15, 215, 270
15, 215, 935
15, 215, 1173
15, 215, 279
15, 215, 517
15, 215, 944
15, 215, 1182
15, 215, 288
15, 215, 526
15, 215, 1191
15, 215, 297
15, 215, 535
15, 215, 773
15, 215, 1200
15, 215, 544
15, 215, 782
15, 215, 1209
15, 215, 126
15, 215, 553
15, 215, 791
15, 215, 135
15, 215, 800
15, 215, 1038
15, 215, 144
15, 215, 382
15, 215, 809
15, 215, 1047
15, 215, 153
15, 215, 391
15, 215, 1056
15, 215, 162
15, 215, 400
15, 215, 638
15, 215, 1065
15, 215, 409
15, 215, 647
15, 215, 1074
15, 215, 418
15, 215, 656
15, 215, 665
15, 215, 903
15, 215, 247
15, 215, 674
15, 215, 912
15, 215, 18
15, 215, 256
15, 215, 921
15, 215, 27
15, 215, 1159
15, 215, 265
15, 215, 930
15, 215, 1168
15, 215, 274
15, 215, 512
15, 215, 939
15, 215, 1177
15, 215, 283
15, 215, 521
15, 215, 1186
15, 215, 530
15, 215, 768
