415, 215, 392
415, 215, 819
415, 215, 1057
415, 215, 163
415, 215, 401
415, 215, 1066
415, 215, 410
415, 215, 648
415, 215, 1075
415, 215, 419
415, 215, 657
415, 215, 428
415, 215, 666
415, 215, 904
415, 215, 675
415, 215, 913
415, 215, 19
415, 215, 257
415, 215, 684
415, 215, 922
415, 215, 28
415, 215, 266
415, 215, 931
415, 215, 1169
415, 215, 275
415, 215, 513
415, 215, 940
415, 215, 1178
415, 215, 284
415, 215, 522
415, 215, 1187
415, 215, 293
415, 215, 531
415, 215, 769
415, 215, 1196
415, 215, 540
415, 215, 778
415, 215, 1205
415, 215, 122
415, 215, 549
415, 215, 787
415, 215, 131
415, 215, 796
415, 215, 1034
415, 215, 140
415, 215, 378
415, 215, 805
415, 215, 1043
415, 215, 149
415, 215, 387
415, 215, 1052
415, 215, 158
415, 215, 396
415, 215, 1061
415, 215, 405
415, 215, 643
415, 215, 1070
415, 215, 414
415, 215, 652
415, 215, 661
415, 215, 899
415, 215, 243
415, 215, 670
415, 215, 908
415, 215, 252
415, 215, 679
415, 215, 917
415, 215, 23
415, 215, 1155
415, 215, 261
415, 215, 926
415, 215, 1164
415, 215, 270
415, 215, 508
415, 215, 935
415, 215, 1173
415, 215, 279
415, 215, 517
415, 215, 1182
415, 215, 526
415, 215, 764
415, 215, 1191
415, 215, 108
415, 215, 535
415, 215, 773
415, 215, 117
415, 215, 544
415, 215, 782
415, 215, 1020
415, 215, 126
415, 215, 791
415, 215, 1029
415, 215, 135
415, 215, 373
415, 215, 800
415, 215, 1038
415, 215, 144
415, 215, 382
415, 215, 1047
415, 215, 391
415, 215, 629
415, 215, 1056
415, 215, 400
415, 215, 638
415, 215, 409
415, 215, 647
415, 215, 885
415, 215, 656
415, 215, 894
415, 215, 238
415, 215, 665
415, 215, 903
415, 215, 247
415, 215, 912
415, 215, 1150
415, 215, 256
415, 215, 494
415, 215, 921
415, 215, 1159
415, 215, 265
415, 215, 503
415, 215, 1168
415, 215, 274
415, 215, 512
415, 215, 750
415, 215, 1177
415, 215, 521
415, 215, 759
415, 215, 1186
415, 215, 103
415, 215, 530
415, 215, 768
415, 215, 112
415, 215, 777
415, 215, 1015
415, 215, 121
415, 215, 359
415, 215, 786
415, 215, 1024
415, 215, 130
415, 215, 368
415, 215, 1033
415, 215, 139
415, 215, 377
415, 215, 615
415, 215, 1042
415, 215, 386
415, 215, 624
415, 215, 1051
415, 215, 395
415, 215, 633
415, 215, 642
415, 215, 880
415, 215, 224
415, 215, 651
415, 215, 889
415, 215, 233
415, 215, 898
415, 215, 1136
415, 215, 242
415, 215, 480
415, 215, 907
415, 215, 1145
415, 215, 251
415, 215, 489
415, 215, 916
415, 215, 1154
415, 215, 260
415, 215, 498
415, 215, 1163
415, 215, 507
415, 215, 745
415, 215, 1172
415, 215, 89
415, 215, 516
415, 215, 754
415, 215, 98
415, 215, 763
415, 215, 1001
415, 215, 107
415, 215, 345
415, 215, 772
415, 215, 1010
415, 215, 116
415, 215, 354
415, 215, 781
415, 215, 1019
415, 215, 125
415, 215, 363
415, 215, 1028
415, 215, 372
415, 215, 610
415, 215, 1037
415, 215, 381
415, 215, 619
415, 215, 628
415, 215, 866
415, 215, 210
415, 215, 637
415, 215, 875
415, 215, 219
415, 215, 646
415, 215, 884
415, 215, 228
415, 215, 893
415, 215, 1131
415, 215, 237
415, 215, 475
415, 215, 902
415, 215, 1140
415, 215, 246
415, 215, 484
415, 215, 1149
415, 215, 493
415, 215, 731
415, 215, 1158
415, 215, 75
415, 215, 502
415, 215, 740
415, 215, 1167
415, 215, 84
415, 215, 511
415, 215, 749
415, 215, 93
415, 215, 758
415, 215, 996
415, 215, 102
415, 215, 340
415, 215, 767
415, 215, 1005
415, 215, 111
415, 215, 349
415, 215, 1014
415, 215, 358
415, 215, 596
415, 215, 1023
415, 215, 367
415, 215, 605
415, 215, 1032
415, 215, 376
415, 215, 614
415, 215, 623
415, 215, 861
415, 215, 205
415, 215, 632
415, 215, 870
415, 215, 214
415, 215, 879
415, 215, 1117
415, 215, 223
415, 215, 461
415, 215, 888
415, 215, 1126
415, 215, 232
415, 215, 470
415, 215, 897
415, 215, 1135
415, 215, 241
415, 215, 479
415, 215, 1144
415, 215, 488
415, 215, 726
415, 215, 1153
415, 215, 70
415, 215, 497
415, 215, 735
415, 215, 79
415, 215, 744
415, 215, 982
415, 215, 88
415, 215, 326
415, 215, 753
415, 215, 991
415, 215, 97
415, 215, 335
415, 215, 762
415, 215, 1000
415, 215, 106
415, 215, 344
415, 215, 1009
415, 215, 353
415, 215, 591
415, 215, 1018
415, 215, 362
415, 215, 600
415, 215, 609
415, 215, 847
415, 215, 191
415, 215, 618
415, 215, 856
415, 215, 200
415, 215, 627
415, 215, 865
415, 215, 209
415, 215, 874
415, 215, 1112
415, 215, 218
415, 215, 456
415, 215, 883
415, 215, 1121
415, 215, 227
415, 215, 465
415, 215, 1130
415, 215, 474
415, 215, 712
415, 215, 1139
415, 215, 56
415, 215, 483
415, 215, 721
415, 215, 1148
415, 215, 65
415, 215, 492
415, 215, 730
415, 215, 74
415, 215, 739
415, 215, 977
415, 215, 83
415, 215, 321
415, 215, 748
415, 215, 986
415, 215, 92
415, 215, 330
415, 215, 995
415, 215, 339
415, 215, 577
415, 215, 1004
415, 215, 348
415, 215, 586
415, 215, 1013
415, 215, 357
415, 215, 595
415, 215, 604
415, 215, 842
415, 215, 186
415, 215, 613
415, 215, 851
415, 215, 195
415, 215, 860
415, 215, 1098
415, 215, 204
415, 215, 442
415, 215, 869
415, 215, 1107
415, 215, 213
415, 215, 451
415, 215, 878
415, 215, 1116
415, 215, 222
415, 215, 460
415, 215, 1125
415, 215, 469
415, 215, 707
415, 215, 1134
415, 215, 51
415, 215, 478
415, 215, 716
415, 215, 60
415, 215, 725
415, 215, 963
415, 215, 69
415, 215, 307
415, 215, 734
415, 215, 972
415, 215, 78
415, 215, 316
415, 215, 743
415, 215, 981
415, 215, 87
415, 215, 325
415, 215, 990
415, 215, 334
415, 215, 572
415, 215, 999
415, 215, 343
415, 215, 581
415, 215, 590
415, 215, 828
415, 215, 172
415, 215, 599
415, 215, 837
415, 215, 181
415, 215, 608
415, 215, 846
415, 215, 1084
415, 215, 190
415, 215, 855
415, 215, 1093
415, 215, 199
415, 215, 437
415, 215, 864
415, 215, 1102
415, 215, 208
415, 215, 446
415, 215, 1111
415, 215, 455
415, 215, 693
415, 215, 1120
415, 215, 37
415, 215, 464
415, 215, 702
415, 215, 46
415, 215, 473
415, 215, 711
415, 215, 949
415, 215, 55
415, 215, 720
415, 215, 958
415, 215, 64
415, 215, 302
415, 215, 729
415, 215, 967
415, 215, 73
415, 215, 311
415, 215, 976
415, 215, 1214
415, 215, 320
415, 215, 558
415, 215, 985
415, 215, 329
415, 215, 567
415, 215, 338
415, 215, 576
415, 215, 814
415, 215, 585
415, 215, 823
415, 215, 167
415, 215, 594
415, 215, 832
415, 215, 176
415, 215, 841
415, 215, 1079
415, 215, 185
415, 215, 423
415, 215, 850
415, 215, 1088
415, 215, 194
415, 215, 432
415, 215, 1097
415, 215, 203
415, 215, 441
415, 215, 1106
415, 215, 450
415, 215, 688
415, 215, 1115
415, 215, 32
415, 215, 459
415, 215, 697
415, 215, 41
415, 215, 706
415, 215, 944
415, 215, 50
415, 215, 288
415, 215, 715
415, 215, 953
415, 215, 59
415, 215, 297
415, 215, 724
415, 215, 962
415, 215, 68
415, 215, 1200
415, 215, 306
415, 215, 971
415, 215, 1209
415, 215, 315
415, 215, 553
415, 215, 980
415, 215, 324
415, 215, 562
415, 215, 571
415, 215, 809
415, 215, 153
415, 215, 580
415, 215, 818
415, 215, 162
415, 215, 589
415, 215, 827
415, 215, 1065
415, 215, 171
415, 215, 836
415, 215, 1074
415, 215, 180
415, 215, 418
415, 215, 845
415, 215, 1083
415, 215, 189
415, 215, 427
415, 215, 1092
415, 215, 436
415, 215, 674
415, 215, 1101
415, 215, 18
415, 215, 445
415, 215, 683
415, 215, 27
415, 215, 454
415, 215, 692
415, 215, 930
415, 215, 36
415, 215, 701
415, 215, 939
415, 215, 45
415, 215, 283
415, 215, 710
415, 215, 948
415, 215, 54
415, 215, 292
415, 215, 957
415, 215, 1195
415, 215, 301
415, 215, 539
415, 215, 966
415, 215, 1204
415, 215, 310
415, 215, 548
415, 215, 1213
415, 215, 319
415, 215, 557
415, 215, 795
415, 215, 566
415, 215, 804
415, 215, 148
415, 215, 575
415, 215, 813
415, 215, 157
415, 215, 822
415, 215, 1060
415, 215, 166
415, 215, 404
415, 215, 831
415, 215, 1069
415, 215, 175
415, 215, 413
415, 215, 1078
415, 215, 184
415, 215, 422
415, 215, 660
415, 215, 1087
415, 215, 431
415, 215, 669
415, 215, 1096
415, 215, 440
415, 215, 678
415, 215, 22
415, 215, 687
415, 215, 925
415, 215, 31
415, 215, 269
415, 215, 696
415, 215, 934
415, 215, 40
415, 215, 278
415, 215, 943
415, 215, 49
415, 215, 1181
415, 215, 287
415, 215, 525
415, 215, 952
415, 215, 1190
415, 215, 296
415, 215, 534
415, 215, 961
415, 215, 1199
415, 215, 305
415, 215, 543
415, 215, 1208
415, 215, 552
415, 215, 790
415, 215, 134
415, 215, 561
415, 215, 799
415, 215, 143
415, 215, 808
415, 215, 1046
415, 215, 152
415, 215, 390
415, 215, 817
415, 215, 1055
415, 215, 161
415, 215, 399
415, 215, 826
415, 215, 1064
415, 215, 170
415, 215, 408
415, 215, 1073
415, 215, 417
415, 215, 655
415, 215, 1082
415, 215, 426
415, 215, 664
415, 215, 673
415, 215, 911
415, 215, 17
415, 215, 255
415, 215, 682
415, 215, 920
415, 215, 26
415, 215, 264
415, 215, 691
415, 215, 929
415, 215, 35
415, 215, 273
415, 215, 938
415, 215, 1176
415, 215, 282
415, 215, 520
415, 215, 947
415, 215, 1185
415, 215, 291
415, 215, 529
415, 215, 1194
415, 215, 538
415, 215, 776
415, 215, 1203
415, 215, 120
415, 215, 547
415, 215, 785
415, 215, 1212
415, 215, 129
415, 215, 556
415, 215, 794
415, 215, 138
415, 215, 803
415, 215, 1041
415, 215, 147
415, 215, 385
415, 215, 812
415, 215, 1050
415, 215, 156
415, 215, 394
415, 215, 1059
415, 215, 403
415, 215, 641
415, 215, 1068
415, 215, 412
415, 215, 650
415, 215, 1077
415, 215, 421
415, 215, 659
415, 215, 668
415, 215, 906
415, 215, 250
415, 215, 677
415, 215, 915
415, 215, 21
415, 215, 259
415, 215, 924
415, 215, 1162
415, 215, 268
415, 215, 506
415, 215, 933
415, 215, 1171
415, 215, 277
415, 215, 515
415, 215, 942
415, 215, 1180
415, 215, 286
415, 215, 524
415, 215, 1189
415, 215, 533
415, 215, 771
415, 215, 1198
415, 215, 115
415, 215, 542
415, 215, 780
415, 215, 124
415, 215, 789
415, 215, 1027
415, 215, 133
415, 215, 371
415, 215, 798
415, 215, 1036
415, 215, 142
415, 215, 380
415, 215, 807
415, 215, 1045
415, 215, 151
415, 215, 389
415, 215, 1054
415, 215, 398
415, 215, 636
415, 215, 1063
415, 215, 407
415, 215, 645
415, 215, 654
415, 215, 892
415, 215, 236
415, 215, 663
415, 215, 901
415, 215, 245
415, 215, 672
415, 215, 910
415, 215, 16
415, 215, 254
415, 215, 919
415, 215, 1157
415, 215, 263
415, 215, 501
415, 215, 928
415, 215, 1166
415, 215, 272
415, 215, 510
415, 215, 1175
415, 215, 519
415, 215, 757
415, 215, 1184
415, 215, 101
415, 215, 528
415, 215, 766
415, 215, 1193
415, 215, 110
415, 215, 537
415, 215, 775
415, 215, 119
415, 215, 784
415, 215, 1022
415, 215, 128
415, 215, 366
415, 215, 793
415, 215, 1031
415, 215, 137
415, 215, 375
415, 215, 1040
415, 215, 384
415, 215, 622
415, 215, 1049
415, 215, 393
415, 215, 631
415, 215, 1058
415, 215, 402
415, 215, 640
415, 215, 649
415, 215, 887
415, 215, 231
415, 215, 658
415, 215, 896
415, 215, 240
415, 215, 905
415, 215, 1143
415, 215, 249
415, 215, 487
415, 215, 914
415, 215, 1152
415, 215, 258
415, 215, 496
415, 215, 923
415, 215, 1161
415, 215, 267
415, 215, 505
415, 215, 1170
415, 215, 514
415, 215, 752
415, 215, 1179
415, 215, 96
415, 215, 523
415, 215, 761
415, 215, 105
415, 215, 770
415, 215, 1008
415, 215, 114
415, 215, 352
415, 215, 779
415, 215, 1017
415, 215, 123
415, 215, 361
415, 215, 788
415, 215, 1026
415, 215, 132
415, 215, 370
415, 215, 1035
415, 215, 379
415, 215, 617
415, 215, 1044
415, 215, 388
415, 215, 626
415, 215, 635
415, 215, 873
415, 215, 217
415, 215, 644
415, 215, 882
415, 215, 226
415, 215, 653
415, 215, 891
415, 215, 1129
415, 215, 235
415, 215, 900
415, 215, 1138
415, 215, 244
415, 215, 482
415, 215, 909
415, 215, 1147
415, 215, 253
415, 215, 491
415, 215, 1156
415, 215, 500
415, 215, 738
415, 215, 1165
415, 215, 82
415, 215, 509
415, 215, 747
415, 215, 91
415, 215, 518
415, 215, 756
415, 215, 994
415, 215, 100
415, 215, 765
415, 215, 1003
415, 215, 109
415, 215, 347
415, 215, 774
415, 215, 1012
415, 215, 118
415, 215, 356
415, 215, 1021
415, 215, 365
415, 215, 603
415, 215, 1030
415, 215, 374
415, 215, 612
415, 215, 383
415, 215, 621
415, 215, 859
415, 215, 630
415, 215, 868
415, 215, 212
415, 215, 639
415, 215, 877
415, 215, 221
415, 215, 886
415, 215, 1124
415, 215, 230
415, 215, 468
415, 215, 895
415, 215, 1133
415, 215, 239
415, 215, 477
415, 215, 1142
415, 215, 248
415, 215, 486
415, 215, 1151
415, 215, 495
415, 215, 733
415, 215, 1160
415, 215, 77
415, 215, 504
415, 215, 742
415, 215, 86
415, 215, 751
415, 215, 989
415, 215, 95
415, 215, 333
415, 215, 760
415, 215, 998
415, 215, 104
415, 215, 342
415, 215, 1007
415, 215, 113
415, 215, 351
415, 215, 1016
415, 215, 360
415, 215, 598
415, 215, 1025
415, 215, 369
415, 215, 607
415, 215, 616
415, 215, 854
415, 215, 198
415, 215, 625
415, 215, 863
415, 215, 207
415, 215, 634
415, 215, 872
415, 215, 1110
415, 215, 216
415, 215, 881
415, 215, 1119
415, 215, 225
415, 215, 463
415, 215, 890
415, 215, 1128
415, 215, 234
415, 215, 472
415, 215, 1137
415, 215, 481
415, 215, 719
415, 215, 1146
415, 215, 63
415, 215, 490
415, 215, 728
415, 215, 72
415, 215, 499
415, 215, 737
415, 215, 975
415, 215, 81
415, 215, 746
415, 215, 984
415, 215, 90
415, 215, 328
415, 215, 755
415, 215, 993
415, 215, 99
415, 215, 337
415, 215, 1002
415, 215, 346
415, 215, 584
415, 215, 1011
415, 215, 355
415, 215, 593
415, 215, 364
415, 215, 602
415, 215, 840
415, 215, 611
415, 215, 849
415, 215, 193
415, 215, 620
415, 215, 858
415, 215, 202
415, 215, 867
415, 215, 1105
415, 215, 211
415, 215, 449
415, 215, 876
415, 215, 1114
415, 215, 220
415, 215, 458
415, 215, 1123
415, 215, 229
415, 215, 467
415, 215, 705
415, 215, 1132
415, 215, 476
415, 215, 714
415, 215, 1141
415, 215, 58
415, 215, 485
415, 215, 723
415, 215, 67
415, 215, 732
415, 215, 970
415, 215, 76
415, 215, 314
415, 215, 741
415, 215, 979
415, 215, 85
415, 215, 323
415, 215, 988
415, 215, 94
415, 215, 332
415, 215, 570
415, 215, 997
415, 215, 341
415, 215, 579
415, 215, 1006
415, 215, 350
415, 215, 588
415, 215, 597
415, 215, 835
415, 215, 179
415, 215, 606
415, 215, 844
415, 215, 188
415, 215, 853
415, 215, 1091
415, 215, 197
415, 215, 435
415, 215, 862
415, 215, 1100
415, 215, 206
415, 215, 444
415, 215, 871
415, 215, 1109
415, 215, 215
415, 215, 453
415, 215, 1118
415, 215, 462
415, 215, 700
415, 215, 1127
415, 215, 44
415, 215, 471
415, 215, 709
415, 215, 53
415, 215, 718
415, 215, 956
415, 215, 62
415, 215, 300
415, 215, 727
415, 215, 965
415, 215, 71
415, 215, 309
415, 215, 736
415, 215, 974
415, 215, 80
415, 215, 318
415, 215, 983
415, 215, 327
415, 215, 565
415, 215, 992
415, 215, 336
415, 215, 574
415, 215, 583
415, 215, 821
415, 215, 165
415, 215, 592
415, 215, 830
415, 215, 174
415, 215, 601
415, 215, 839
415, 215, 183
415, 215, 848
415, 215, 1086
415, 215, 192
415, 215, 430
415, 215, 857
415, 215, 1095
415, 215, 201
415, 215, 439
415, 215, 1104
415, 215, 448
415, 215, 686
415, 215, 1113
415, 215, 30
415, 215, 457
415, 215, 695
415, 215, 1122
415, 215, 39
415, 215, 466
415, 215, 704
415, 215, 48
415, 215, 713
415, 215, 951
415, 215, 57
415, 215, 295
415, 215, 722
415, 215, 960
415, 215, 66
415, 215, 304
415, 215, 969
415, 215, 1207
415, 215, 313
415, 215, 551
415, 215, 978
415, 215, 322
415, 215, 560
415, 215, 987
415, 215, 331
415, 215, 569
415, 215, 578
415, 215, 816
415, 215, 160
415, 215, 587
415, 215, 825
415, 215, 169
415, 215, 834
415, 215, 1072
415, 215, 178
415, 215, 416
415, 215, 843
415, 215, 1081
415, 215, 187
415, 215, 425
415, 215, 852
415, 215, 1090
415, 215, 196
415, 215, 434
415, 215, 1099
415, 215, 443
415, 215, 681
415, 215, 1108
415, 215, 25
415, 215, 452
415, 215, 690
415, 215, 34
415, 215, 699
415, 215, 937
415, 215, 43
415, 215, 281
415, 215, 708
415, 215, 946
415, 215, 52
415, 215, 290
415, 215, 717
415, 215, 955
415, 215, 61
415, 215, 299
415, 215, 964
415, 215, 1202
415, 215, 308
415, 215, 546
415, 215, 973
415, 215, 1211
415, 215, 317
415, 215, 555
415, 215, 564
415, 215, 802
415, 215, 146
415, 215, 573
415, 215, 811
415, 215, 155
415, 215, 582
415, 215, 820
415, 215, 164
415, 215, 829
415, 215, 1067
415, 215, 173
415, 215, 411
415, 215, 838
415, 215, 1076
415, 215, 182
415, 215, 420
415, 215, 1085
415, 215, 429
415, 215, 667
415, 215, 1094
415, 215, 438
415, 215, 676
415, 215, 1103
415, 215, 20
415, 215, 447
415, 215, 685
415, 215, 29
415, 215, 694
415, 215, 932
415, 215, 38
415, 215, 276
415, 215, 703
415, 215, 941
415, 215, 47
415, 215, 285
415, 215, 950
415, 215, 1188
415, 215, 294
415, 215, 532
415, 215, 959
415, 215, 1197
415, 215, 303
415, 215, 541
415, 215, 968
415, 215, 1206
415, 215, 312
415, 215, 550
415, 215, 1215
415, 215, 559
415, 215, 797
415, 215, 141
415, 215, 568
415, 215, 806
415, 215, 150
415, 215, 815
415, 215, 1053
415, 215, 159
415, 215, 397
415, 215, 824
415, 215, 1062
415, 215, 168
415, 215, 406
415, 215, 833
415, 215, 1071
415, 215, 177
415, 215, 415
415, 215, 1080
415, 215, 424
415, 215, 662
415, 215, 1089
415, 215, 433
415, 215, 671
415, 215, 15
415, 215, 680
415, 215, 918
415, 215, 24
415, 215, 262
415, 215, 689
415, 215, 927
415, 215, 33
415, 215, 271
415, 215, 698
415, 215, 936
415, 215, 42
415, 215, 1174
415, 215, 280
415, 215, 945
415, 215, 1183
415, 215, 289
415, 215, 527
415, 215, 954
415, 215, 1192
415, 215, 298
415, 215, 536
415, 215, 1201
415, 215, 545
415, 215, 783
415, 215, 1210
415, 215, 127
415, 215, 554
415, 215, 792
415, 215, 136
415, 215, 563
415, 215, 801
415, 215, 1039
415, 215, 145
415, 215, 810
415, 215, 1048
415, 215, 154
