48, 105, 15
96, 54, 15
286, 402, 15
355, 72, 15
252, 18, 15
65, 348, 15
415, 218, 15
20, 173, 15
72, 76, 15
58, 91, 15
206, 15, 15
63, 86, 15
208, 415, 15
161, 408, 15
15, 229, 15
21, 265, 15
323, 383, 15
52, 330, 15
228, 415, 15
54, 334, 15
411, 178, 15
370, 341, 15
266, 408, 15
40, 312, 15
46, 323, 15
399, 294, 15
113, 43, 15
360, 77, 15
21, 167, 15
52, 98, 15
406, 156, 15
409, 263, 15
117, 389, 15
414, 237, 15
133, 32, 15
401, 290, 15
350, 363, 15
195, 16, 15
15, 211, 15
107, 384, 15
178, 411, 15
415, 221, 15
35, 128, 15
75, 358, 15
99, 378, 15
19, 174, 15
37, 307, 15
407, 270, 15
19, 253, 15
120, 391, 15
299, 396, 15
415, 202, 15
375, 94, 15
331, 378, 15
413, 186, 15
359, 77, 15
125, 394, 15
17, 188, 15
195, 414, 15
275, 406, 15
59, 341, 15
229, 16, 15
62, 87, 15
135, 398, 15
142, 29, 15
15, 214, 15
185, 17, 15
36, 305, 15
109, 45, 15
79, 68, 15
301, 35, 15
140, 401, 15
50, 328, 15
374, 337, 15
135, 32, 15
399, 136, 15
64, 84, 15
197, 16, 15
217, 415, 15
384, 323, 15
381, 104, 15
19, 256, 15
305, 394, 15
401, 141, 15
403, 282, 15
316, 42, 15
202, 415, 15
17, 240, 15
415, 205, 15
349, 364, 15
413, 189, 15
390, 311, 15
348, 65, 15
405, 153, 15
114, 388, 15
32, 296, 15
362, 79, 15
284, 403, 15
44, 319, 15
72, 355, 15
321, 46, 15
101, 379, 15
333, 377, 15
233, 414, 15
226, 415, 15
414, 232, 15
380, 101, 15
388, 316, 15
147, 403, 15
61, 88, 15
321, 384, 15
330, 378, 15
209, 415, 15
162, 408, 15
245, 413, 15
245, 17, 15
401, 143, 15
127, 395, 15
415, 216, 15
20, 171, 15
408, 267, 15
324, 47, 15
337, 57, 15
303, 35, 15
21, 263, 15
275, 24, 15
17, 243, 15
415, 208, 15
55, 336, 15
15, 228, 15
411, 177, 15
97, 53, 15
329, 51, 15
342, 61, 15
388, 115, 15
411, 256, 15
25, 276, 15
364, 349, 15
414, 235, 15
377, 97, 15
406, 274, 15
82, 365, 15
252, 19, 15
49, 326, 15
323, 46, 15
415, 219, 15
235, 414, 15
58, 92, 15
121, 391, 15
87, 369, 15
323, 384, 15
282, 26, 15
295, 398, 15
332, 378, 15
24, 274, 15
31, 136, 15
81, 363, 15
217, 15, 15
360, 78, 15
157, 23, 15
60, 89, 15
176, 19, 15
183, 18, 15
380, 328, 15
387, 318, 15
186, 17, 15
133, 33, 15
358, 354, 15
125, 393, 15
277, 25, 15
365, 82, 15
393, 305, 15
51, 329, 15
343, 369, 15
36, 303, 15
108, 46, 15
310, 39, 15
389, 314, 15
415, 222, 15
39, 311, 15
347, 365, 15
35, 129, 15
36, 304, 15
382, 104, 15
140, 400, 15
395, 302, 15
209, 15, 15
19, 254, 15
391, 311, 15
415, 203, 15
305, 37, 15
406, 154, 15
413, 187, 15
80, 67, 15
397, 298, 15
16, 192, 15
173, 19, 15
405, 151, 15
256, 411, 15
393, 307, 15
349, 363, 15
365, 347, 15
70, 353, 15
390, 118, 15
415, 225, 15
119, 390, 15
399, 137, 15
64, 347, 15
388, 315, 15
224, 415, 15
370, 89, 15
154, 24, 15
19, 257, 15
401, 142, 15
32, 133, 15
144, 28, 15
316, 43, 15
152, 405, 15
415, 206, 15
66, 81, 15
130, 34, 15
236, 414, 15
147, 27, 15
132, 397, 15
348, 66, 15
192, 414, 15
405, 154, 15
141, 29, 15
211, 15, 15
408, 162, 15
123, 37, 15
411, 254, 15
280, 26, 15
310, 391, 15
329, 50, 15
288, 29, 15
380, 102, 15
353, 70, 15
106, 383, 15
86, 62, 15
250, 412, 15
400, 290, 15
330, 379, 15
216, 415, 15
168, 21, 15
319, 386, 15
396, 299, 15
177, 411, 15
260, 20, 15
35, 302, 15
41, 313, 15
303, 36, 15
22, 268, 15
153, 25, 15
402, 287, 15
369, 343, 15
40, 311, 15
201, 15, 15
332, 377, 15
97, 54, 15
341, 371, 15
411, 257, 15
126, 394, 15
387, 316, 15
400, 292, 15
60, 341, 15
28, 285, 15
194, 414, 15
143, 29, 15
368, 87, 15
242, 17, 15
49, 327, 15
323, 47, 15
415, 220, 15
23, 158, 15
119, 39, 15
361, 352, 15
65, 83, 15
171, 20, 15
346, 64, 15
264, 409, 15
282, 27, 15
397, 132, 15
122, 38, 15
218, 415, 15
56, 94, 15
24, 275, 15
297, 32, 15
25, 154, 15
16, 239, 15
27, 283, 15
193, 16, 15
292, 400, 15
237, 16, 15
380, 329, 15
285, 402, 15
410, 173, 15
259, 20, 15
62, 86, 15
285, 403, 15
86, 368, 15
365, 83, 15
393, 306, 15
394, 126, 15
78, 70, 15
393, 123, 15
225, 415, 15
109, 385, 15
23, 161, 15
396, 131, 15
270, 407, 15
145, 28, 15
101, 50, 15
395, 303, 15
345, 367, 15
43, 112, 15
244, 17, 15
263, 409, 15
133, 397, 15
349, 66, 15
121, 38, 15
308, 392, 15
17, 184, 15
80, 68, 15
397, 299, 15
89, 370, 15
16, 193, 15
173, 20, 15
274, 24, 15
53, 98, 15
192, 16, 15
405, 152, 15
18, 248, 15
385, 110, 15
17, 185, 15
414, 196, 15
15, 210, 15
148, 404, 15
317, 387, 15
365, 348, 15
251, 412, 15
129, 396, 15
326, 381, 15
94, 374, 15
390, 119, 15
137, 399, 15
261, 20, 15
367, 344, 15
269, 23, 15
24, 156, 15
95, 55, 15
227, 415, 15
104, 49, 15
22, 266, 15
392, 307, 15
414, 198, 15
69, 352, 15
389, 116, 15
210, 415, 15
408, 163, 15
18, 251, 15
15, 222, 15
22, 162, 15
402, 143, 15
342, 60, 15
123, 38, 15
175, 19, 15
394, 304, 15
344, 368, 15
194, 16, 15
404, 148, 15
353, 71, 15
414, 229, 15
132, 33, 15
29, 141, 15
400, 291, 15
334, 54, 15
347, 64, 15
283, 27, 15
396, 300, 15
364, 82, 15
131, 396, 15
250, 18, 15
219, 415, 15
35, 303, 15
87, 368, 15
129, 34, 15
358, 75, 15
225, 15, 15
316, 388, 15
398, 134, 15
15, 224, 15
59, 90, 15
411, 173, 15
201, 16, 15
208, 15, 15
326, 49, 15
154, 405, 15
92, 372, 15
404, 150, 15
410, 261, 15
379, 330, 15
105, 382, 15
274, 406, 15
31, 293, 15
387, 317, 15
34, 300, 15
295, 32, 15
61, 87, 15
404, 151, 15
31, 294, 15
343, 368, 15
271, 407, 15
389, 313, 15
15, 206, 15
78, 69, 15
67, 350, 15
130, 396, 15
118, 390, 15
397, 133, 15
383, 323, 15
315, 42, 15
373, 93, 15
120, 39, 15
285, 27, 15
27, 284, 15
39, 119, 15
383, 324, 15
336, 55, 15
131, 34, 15
399, 292, 15
351, 69, 15
227, 15, 15
318, 387, 15
301, 395, 15
348, 365, 15
48, 326, 15
23, 269, 15
21, 165, 15
138, 399, 15
15, 208, 15
232, 414, 15
385, 321, 15
271, 23, 15
394, 127, 15
401, 288, 15
210, 15, 15
379, 101, 15
341, 59, 15
307, 37, 15
15, 209, 15
279, 26, 15
289, 29, 15
393, 124, 15
76, 359, 15
24, 154, 15
370, 88, 15
161, 22, 15
403, 285, 15
412, 250, 15
180, 18, 15
329, 379, 15
94, 56, 15
273, 407, 15
133, 398, 15
142, 401, 15
112, 386, 15
266, 22, 15
98, 52, 15
219, 15, 15
160, 407, 15
309, 38, 15
342, 369, 15
107, 46, 15
392, 122, 15
413, 184, 15
23, 272, 15
408, 161, 15
17, 186, 15
414, 197, 15
202, 15, 15
354, 71, 15
107, 47, 15
77, 70, 15
116, 41, 15
326, 382, 15
22, 161, 15
303, 395, 15
251, 18, 15
412, 252, 15
53, 333, 15
375, 335, 15
38, 307, 15
382, 325, 15
344, 367, 15
226, 15, 15
24, 157, 15
70, 77, 15
273, 23, 15
57, 92, 15
35, 301, 15
312, 390, 15
38, 308, 15
17, 246, 15
384, 108, 15
415, 211, 15
281, 26, 15
199, 414, 15
253, 411, 15
384, 321, 15
383, 106, 15
392, 308, 15
174, 411, 15
414, 199, 15
145, 403, 15
318, 44, 15
93, 373, 15
182, 18, 15
375, 95, 15
25, 279, 15
18, 252, 15
15, 223, 15
22, 163, 15
296, 32, 15
402, 144, 15
410, 259, 15
185, 413, 15
386, 318, 15
268, 22, 15
394, 305, 15
22, 164, 15
328, 380, 15
74, 357, 15
404, 149, 15
233, 16, 15
414, 230, 15
98, 377, 15
29, 142, 15
159, 407, 15
79, 69, 15
396, 301, 15
181, 412, 15
415, 214, 15
20, 169, 15
129, 35, 15
139, 400, 15
79, 361, 15
272, 23, 15
358, 76, 15
20, 257, 15
63, 344, 15
262, 21, 15
81, 66, 15
398, 135, 15
15, 225, 15
127, 36, 15
228, 15, 15
362, 350, 15
411, 174, 15
57, 338, 15
292, 399, 15
15, 226, 15
390, 312, 15
366, 346, 15
363, 80, 15
411, 175, 15
34, 301, 15
213, 415, 15
307, 392, 15
165, 21, 15
191, 16, 15
290, 29, 15
48, 325, 15
394, 125, 15
252, 412, 15
92, 57, 15
15, 207, 15
359, 353, 15
162, 22, 15
379, 100, 15
415, 217, 15
235, 16, 15
359, 354, 15
161, 407, 15
21, 264, 15
200, 16, 15
105, 48, 15
294, 31, 15
27, 285, 15
273, 406, 15
25, 151, 15
42, 315, 15
191, 414, 15
399, 293, 15
53, 97, 15
301, 396, 15
140, 29, 15
117, 41, 15
23, 270, 15
385, 109, 15
138, 400, 15
401, 289, 15
415, 228, 15
146, 403, 15
341, 60, 15
307, 38, 15
352, 70, 15
71, 77, 15
215, 415, 15
36, 127, 15
200, 414, 15
39, 309, 15
254, 411, 15
24, 155, 15
161, 23, 15
412, 251, 15
53, 332, 15
329, 380, 15
333, 54, 15
234, 16, 15
306, 393, 15
49, 104, 15
164, 22, 15
38, 123, 15
190, 17, 15
19, 252, 15
391, 309, 15
309, 39, 15
81, 364, 15
91, 58, 15
282, 403, 15
415, 201, 15
278, 25, 15
413, 185, 15
23, 273, 15
15, 221, 15
104, 381, 15
286, 28, 15
80, 362, 15
77, 71, 15
371, 340, 15
358, 355, 15
207, 415, 15
410, 258, 15
205, 415, 15
322, 46, 15
375, 336, 15
241, 413, 15
234, 414, 15
241, 17, 15
301, 34, 15
382, 326, 15
364, 81, 15
263, 21, 15
413, 245, 15
273, 24, 15
57, 93, 15
378, 98, 15
360, 352, 15
38, 309, 15
384, 109, 15
64, 83, 15
415, 212, 15
170, 20, 15
238, 414, 15
16, 201, 15
384, 322, 15
372, 91, 15
58, 338, 15
401, 140, 15
93, 374, 15
291, 400, 15
236, 16, 15
350, 68, 15
410, 260, 15
90, 59, 15
175, 411, 15
258, 20, 15
386, 319, 15
34, 299, 15
302, 395, 15
44, 318, 15
411, 252, 15
98, 378, 15
29, 143, 15
119, 391, 15
171, 410, 15
415, 215, 15
50, 101, 15
79, 362, 15
20, 258, 15
369, 87, 15
138, 30, 15
243, 413, 15
243, 17, 15
262, 409, 15
21, 262, 15
43, 316, 15
362, 351, 15
265, 21, 15
369, 88, 15
402, 285, 15
179, 18, 15
257, 19, 15
16, 234, 15
131, 33, 15
172, 20, 15
259, 410, 15
84, 366, 15
43, 317, 15
363, 81, 15
45, 321, 15
412, 183, 15
166, 409, 15
308, 38, 15
68, 350, 15
388, 114, 15
404, 281, 15
411, 255, 15
364, 348, 15
188, 413, 15
188, 17, 15
376, 96, 15
62, 343, 15
304, 394, 15
287, 402, 15
20, 260, 15
18, 182, 15
76, 358, 15
207, 15, 15
352, 69, 15
280, 404, 15
20, 261, 15
205, 15, 15
94, 55, 15
18, 183, 15
283, 403, 15
387, 112, 15
183, 412, 15
24, 273, 15
173, 410, 15
25, 152, 15
42, 316, 15
16, 237, 15
398, 297, 15
287, 28, 15
356, 357, 15
60, 88, 15
140, 30, 15
374, 94, 15
380, 327, 15
76, 72, 15
410, 171, 15
54, 97, 15
242, 413, 15
414, 191, 15
15, 205, 15
110, 45, 15
261, 410, 15
302, 35, 15
30, 291, 15
168, 409, 15
39, 310, 15
291, 30, 15
23, 159, 15
190, 413, 15
119, 40, 15
19, 177, 15
384, 107, 15
407, 273, 15
376, 333, 15
224, 15, 15
238, 16, 15
395, 301, 15
16, 199, 15
315, 388, 15
391, 310, 15
351, 68, 15
145, 402, 15
282, 404, 15
29, 288, 15
306, 37, 15
153, 405, 15
414, 193, 15
397, 297, 15
16, 191, 15
405, 278, 15
324, 383, 15
104, 382, 15
26, 148, 15
89, 60, 15
229, 415, 15
248, 412, 15
371, 341, 15
75, 72, 15
93, 56, 15
378, 331, 15
332, 53, 15
47, 324, 15
28, 144, 15
319, 44, 15
93, 57, 15
85, 367, 15
413, 246, 15
134, 32, 15
216, 15, 15
244, 413, 15
378, 99, 15
360, 353, 15
64, 346, 15
151, 25, 15
103, 380, 15
372, 92, 15
46, 108, 15
58, 339, 15
127, 35, 15
124, 393, 15
90, 371, 15
46, 321, 15
148, 26, 15
221, 415, 15
167, 409, 15
16, 232, 15
321, 45, 15
71, 354, 15
26, 151, 15
412, 181, 15
18, 249, 15
404, 279, 15
411, 253, 15
240, 17, 15
300, 396, 15
41, 116, 15
95, 375, 15
270, 23, 15
340, 59, 15
297, 397, 15
293, 399, 15
15, 201, 15
50, 102, 15
279, 405, 15
20, 259, 15
52, 331, 15
37, 305, 15
247, 412, 15
345, 63, 15
290, 400, 15
370, 342, 15
111, 386, 15
74, 73, 15
255, 19, 15
377, 332, 15
402, 286, 15
218, 15, 15
257, 20, 15
16, 235, 15
398, 295, 15
52, 99, 15
198, 16, 15
409, 264, 15
43, 318, 15
37, 123, 15
372, 338, 15
414, 238, 15
68, 351, 15
33, 132, 15
404, 282, 15
341, 370, 15
106, 47, 15
410, 169, 15
374, 93, 15
223, 415, 15
376, 97, 15
62, 344, 15
15, 203, 15
292, 30, 15
76, 71, 15
115, 388, 15
143, 28, 15
368, 86, 15
126, 36, 15
115, 42, 15
313, 389, 15
206, 415, 15
131, 397, 15
23, 157, 15
19, 175, 15
361, 351, 15
407, 271, 15
264, 21, 15
322, 384, 15
87, 61, 15
49, 103, 15
397, 131, 15
37, 125, 15
56, 93, 15
299, 397, 15
163, 408, 15
400, 139, 15
25, 153, 15
16, 238, 15
27, 148, 15
287, 29, 15
328, 50, 15
27, 282, 15
357, 74, 15
249, 412, 15
338, 57, 15
405, 276, 15
410, 172, 15
33, 298, 15
414, 192, 15
178, 19, 15
327, 380, 15
149, 26, 15
150, 404, 15
109, 46, 15
86, 367, 15
30, 292, 15
33, 299, 15
50, 329, 15
396, 129, 15
158, 407, 15
152, 25, 15
343, 61, 15
109, 384, 15
23, 160, 15
412, 247, 15
51, 100, 15
19, 178, 15
128, 35, 15
78, 361, 15
376, 334, 15
403, 283, 15
17, 241, 15
413, 190, 15
29, 289, 15
15, 217, 15
46, 107, 15
414, 194, 15
32, 297, 15
405, 279, 15
114, 43, 15
314, 41, 15
26, 149, 15
362, 80, 15
18, 247, 15
15, 218, 15
414, 195, 15
373, 337, 15
378, 332, 15
157, 406, 15
129, 395, 15
158, 23, 15
356, 74, 15
321, 385, 15
48, 104, 15
294, 399, 15
28, 145, 15
165, 409, 15
68, 79, 15
55, 94, 15
368, 343, 15
187, 413, 15
187, 17, 15
20, 172, 15
378, 100, 15
408, 268, 15
155, 24, 15
151, 26, 15
413, 242, 15
353, 359, 15
17, 244, 15
46, 109, 15
415, 209, 15
199, 16, 15
104, 48, 15
46, 322, 15
148, 27, 15
15, 220, 15
69, 351, 15
342, 370, 15
146, 27, 15
204, 415, 15
386, 112, 15
182, 412, 15
392, 123, 15
25, 277, 15
18, 250, 15
44, 111, 15
172, 410, 15
414, 236, 15
340, 371, 15
410, 257, 15
404, 280, 15
406, 275, 15
139, 30, 15
394, 303, 15
29, 140, 15
85, 63, 15
297, 398, 15
136, 31, 15
15, 202, 15
313, 41, 15
260, 410, 15
50, 103, 15
88, 61, 15
121, 392, 15
70, 78, 15
52, 332, 15
37, 306, 15
290, 401, 15
74, 74, 15
189, 413, 15
189, 17, 15
377, 333, 15
31, 137, 15
316, 387, 15
383, 107, 15
247, 18, 15
355, 358, 15
157, 24, 15
16, 236, 15
27, 146, 15
398, 296, 15
52, 100, 15
339, 58, 15
403, 145, 15
136, 399, 15
371, 89, 15
37, 124, 15
326, 48, 15
372, 339, 15
414, 239, 15
150, 26, 15
379, 329, 15
144, 402, 15
33, 133, 15
281, 404, 15
31, 292, 15
407, 157, 15
334, 376, 15
54, 96, 15
51, 330, 15
15, 204, 15
292, 31, 15
103, 49, 15
415, 223, 15
110, 385, 15
33, 297, 15
300, 34, 15
381, 326, 15
347, 366, 15
178, 18, 15
73, 356, 15
382, 105, 15
97, 376, 15
18, 179, 15
269, 407, 15
254, 19, 15
407, 272, 15
67, 349, 15
112, 44, 15
237, 414, 15
87, 62, 15
215, 15, 15
400, 140, 15
373, 92, 15
78, 360, 15
123, 392, 15
403, 148, 15
102, 380, 15
32, 295, 15
405, 277, 15
338, 58, 15
72, 354, 15
159, 23, 15
407, 160, 15
15, 216, 15
56, 337, 15
69, 79, 15
249, 18, 15
320, 45, 15
327, 381, 15
378, 330, 15
239, 16, 15
299, 33, 15
385, 320, 15
401, 287, 15
415, 226, 15
396, 130, 15
409, 165, 15
343, 62, 15
279, 25, 15
399, 138, 15
354, 359, 15
127, 394, 15
412, 248, 15
51, 101, 15
356, 73, 15
36, 125, 15
91, 372, 15
413, 240, 15
32, 134, 15
403, 284, 15
412, 249, 15
17, 242, 15
415, 207, 15
338, 372, 15
55, 335, 15
356, 356, 15
16, 196, 15
29, 290, 15
38, 121, 15
137, 31, 15
256, 19, 15
34, 130, 15
239, 414, 15
265, 409, 15
258, 410, 15
83, 366, 15
26, 150, 15
96, 376, 15
351, 362, 15
392, 121, 15
23, 271, 15
231, 16, 15
15, 219, 15
409, 167, 15
373, 338, 15
380, 103, 15
157, 407, 15
406, 273, 15
40, 118, 15
415, 229, 15
86, 63, 15
61, 343, 15
68, 80, 15
55, 95, 15
303, 394, 15
368, 344, 15
367, 85, 15
408, 269, 15
42, 114, 15
335, 55, 15
41, 314, 15
279, 404, 15
413, 243, 15
353, 360, 15
100, 378, 15
361, 79, 15
17, 245, 15
415, 210, 15
22, 269, 15
231, 414, 15
276, 405, 15
327, 49, 15
318, 43, 15
211, 415, 15
26, 281, 15
164, 408, 15
25, 278, 15
44, 112, 15
16, 229, 15
33, 131, 15
80, 363, 15
27, 145, 15
60, 342, 15
230, 16, 15
116, 389, 15
406, 276, 15
28, 286, 15
213, 15, 15
267, 408, 15
125, 37, 15
74, 356, 15
197, 414, 15
337, 373, 15
141, 401, 15
177, 19, 15
149, 404, 15
118, 40, 15
395, 129, 15
288, 401, 15
415, 213, 15
24, 276, 15
108, 384, 15
297, 33, 15
31, 138, 15
18, 178, 15
363, 349, 15
400, 138, 15
67, 80, 15
305, 36, 15
201, 415, 15
325, 382, 15
27, 147, 15
230, 414, 15
113, 387, 15
403, 146, 15
371, 90, 15
314, 389, 15
57, 337, 15
391, 119, 15
407, 158, 15
278, 405, 15
357, 356, 15
70, 352, 15
311, 390, 15
344, 63, 15
103, 50, 15
415, 224, 15
252, 411, 15
381, 327, 15
196, 414, 15
232, 16, 15
97, 377, 15
336, 374, 15
101, 51, 15
18, 180, 15
269, 408, 15
181, 18, 15
43, 113, 15
349, 67, 15
143, 401, 15
138, 31, 15
276, 24, 15
121, 39, 15
151, 404, 15
284, 27, 15
123, 393, 15
89, 371, 15
16, 194, 15
220, 415, 15
45, 109, 15
84, 64, 15
21, 168, 15
114, 42, 15
406, 157, 15
330, 51, 15
407, 161, 15
82, 65, 15
203, 415, 15
34, 129, 15
83, 365, 15
299, 34, 15
94, 375, 15
351, 361, 15
47, 106, 15
415, 227, 15
178, 412, 15
409, 166, 15
367, 345, 15
71, 76, 15
77, 359, 15
61, 342, 15
312, 40, 15
36, 126, 15
352, 361, 15
413, 241, 15
32, 135, 15
122, 392, 15
333, 53, 15
272, 407, 15
22, 267, 15
198, 414, 15
212, 415, 15
338, 373, 15
369, 342, 15
387, 113, 15
16, 197, 15
38, 122, 15
389, 117, 15
361, 78, 15
246, 413, 15
173, 411, 15
246, 17, 15
34, 131, 15
26, 279, 15
408, 164, 15
17, 189, 15
73, 74, 15
386, 111, 15
414, 200, 15
100, 51, 15
409, 168, 15
156, 24, 15
335, 375, 15
40, 119, 15
222, 415, 15
169, 410, 15
311, 39, 15
367, 86, 15
347, 65, 15
42, 115, 15
125, 36, 15
88, 60, 15
65, 82, 15
413, 244, 15
100, 379, 15
395, 127, 15
66, 348, 15
346, 366, 15
16, 200, 15
30, 139, 15
298, 397, 15
257, 410, 15
276, 406, 15
66, 349, 15
327, 50, 15
26, 282, 15
309, 391, 15
154, 406, 15
92, 373, 15
366, 84, 15
186, 413, 15
16, 230, 15
214, 415, 15
134, 398, 15
350, 67, 15
28, 287, 15
412, 179, 15
184, 413, 15
184, 17, 15
267, 22, 15
99, 52, 15
220, 15, 15
414, 233, 15
337, 374, 15
196, 16, 15
203, 15, 15
331, 52, 15
65, 347, 15
344, 62, 15
145, 27, 15
72, 75, 15
63, 85, 15
112, 43, 15
179, 412, 15
103, 381, 15
285, 28, 15
54, 333, 15
39, 120, 15
363, 350, 15
193, 414, 15
67, 81, 15
293, 31, 15
336, 56, 15
339, 372, 15
403, 147, 15
83, 65, 15
39, 121, 15
16, 233, 15
21, 166, 15
406, 155, 15
212, 15, 15
240, 413, 15
409, 262, 15
45, 320, 15
391, 120, 15
124, 37, 15
412, 182, 15
148, 403, 15
166, 21, 15
407, 159, 15
69, 78, 15
377, 98, 15
311, 391, 15
156, 406, 15
41, 117, 15
128, 395, 15
169, 20, 15
350, 362, 15
391, 121, 15
320, 385, 15
107, 383, 15
393, 125, 15
287, 401, 15
354, 358, 15
269, 22, 15
336, 375, 15
222, 15, 15
18, 181, 15
35, 127, 15
325, 48, 15
43, 114, 15
304, 36, 15
160, 23, 15
143, 402, 15
19, 173, 15
276, 25, 15
112, 387, 15
407, 269, 15
154, 25, 15
98, 53, 15
151, 405, 15
352, 360, 15
16, 195, 15
45, 110, 15
330, 52, 15
409, 265, 15
17, 187, 15
359, 76, 15
354, 72, 15
15, 212, 15
59, 340, 15
82, 66, 15
317, 43, 15
229, 15, 15
410, 170, 15
15, 213, 15
47, 107, 15
214, 15, 15
268, 408, 15
88, 369, 15
30, 290, 15
50, 327, 15
374, 336, 15
77, 360, 15
296, 398, 15
88, 370, 15
19, 176, 15
155, 406, 15
381, 103, 15
289, 401, 15
19, 255, 15
305, 393, 15
398, 133, 15
392, 309, 15
387, 114, 15
16, 198, 15
163, 22, 15
59, 89, 15
415, 204, 15
413, 188, 15
26, 280, 15
29, 287, 15
17, 190, 15
402, 145, 15
414, 201, 15
15, 215, 15
30, 138, 15
114, 387, 15
56, 336, 15
100, 52, 15
221, 15, 15
89, 59, 15
229, 414, 15
333, 376, 15
366, 83, 15
414, 231, 15
204, 15, 15
332, 52, 15
311, 40, 15
47, 323, 15
412, 178, 15
28, 143, 15
277, 405, 15
180, 412, 15
20, 170, 15
102, 50, 15
395, 128, 15
408, 266, 15
170, 410, 15
253, 19, 15
63, 345, 15
111, 44, 15
81, 67, 15
337, 56, 15
174, 19, 15
30, 140, 15
257, 411, 15
66, 82, 15
201, 414, 15
309, 392, 15
255, 411, 15
15, 227, 15
101, 380, 15
167, 21, 15
318, 386, 15
366, 347, 15
411, 176, 15
176, 411, 15
348, 364, 15
16, 231, 15
71, 353, 15
307, 393, 15
412, 180, 15
290, 30, 15
83, 64, 15
248, 18, 15
414, 234, 15
82, 364, 15
92, 58, 15
298, 33, 15
223, 15, 15
