15, 119, 315
202, 165, 315
137, 212, 315
132, 17, 315
31, 169, 315
213, 134, 315
33, 173, 315
127, 16, 315
119, 215, 315
71, 25, 315
168, 200, 315
215, 112, 315
183, 42, 315
35, 56, 315
65, 202, 315
16, 105, 315
213, 96, 315
19, 142, 315
24, 75, 315
49, 40, 315
148, 209, 315
61, 31, 315
212, 140, 315
162, 204, 315
92, 212, 315
52, 37, 315
70, 25, 315
28, 164, 315
208, 152, 315
40, 182, 315
18, 140, 315
15, 122, 315
15, 111, 315
196, 57, 315
212, 91, 315
190, 49, 315
37, 52, 315
22, 79, 315
92, 18, 315
26, 160, 315
79, 22, 315
145, 19, 315
155, 206, 315
140, 18, 315
32, 171, 315
58, 32, 315
20, 85, 315
38, 51, 315
100, 16, 315
135, 17, 315
201, 165, 315
40, 49, 315
181, 191, 315
141, 211, 315
41, 48, 315
83, 210, 315
25, 159, 315
93, 213, 315
52, 192, 315
23, 76, 315
153, 207, 315
17, 96, 315
37, 177, 315
179, 191, 315
211, 141, 315
144, 19, 315
79, 208, 315
45, 186, 315
139, 18, 315
197, 58, 315
19, 85, 315
106, 15, 315
214, 99, 315
213, 136, 315
215, 123, 315
29, 166, 315
39, 180, 315
164, 202, 315
182, 190, 315
68, 204, 315
214, 129, 315
87, 211, 315
203, 162, 315
82, 210, 315
114, 15, 315
213, 98, 315
176, 36, 315
17, 137, 315
185, 187, 315
27, 162, 315
25, 72, 315
169, 31, 315
132, 214, 315
213, 137, 315
109, 215, 315
160, 205, 315
43, 45, 315
104, 214, 315
57, 196, 315
133, 213, 315
21, 81, 315
194, 53, 315
19, 143, 315
154, 207, 315
122, 215, 315
102, 16, 315
205, 158, 315
174, 196, 315
159, 25, 315
143, 211, 315
120, 215, 315
188, 46, 315
139, 212, 315
23, 155, 315
15, 114, 315
170, 199, 315
16, 99, 315
206, 74, 315
147, 210, 315
172, 197, 315
16, 127, 315
204, 69, 315
62, 200, 315
193, 177, 315
211, 143, 315
173, 196, 315
198, 172, 315
150, 208, 315
205, 71, 315
215, 107, 315
22, 150, 315
210, 84, 315
58, 198, 315
54, 36, 315
16, 100, 315
195, 55, 315
103, 16, 315
20, 145, 315
167, 200, 315
179, 38, 315
63, 30, 315
57, 33, 315
188, 183, 315
45, 44, 315
214, 102, 315
19, 88, 315
15, 106, 315
215, 115, 315
46, 188, 315
195, 56, 315
24, 157, 315
60, 32, 315
16, 130, 315
185, 43, 315
77, 207, 315
19, 145, 315
156, 24, 315
198, 58, 315
49, 190, 315
22, 153, 315
85, 210, 315
29, 63, 315
113, 15, 315
214, 132, 315
89, 18, 315
20, 148, 315
184, 42, 315
42, 184, 315
184, 187, 315
211, 86, 315
15, 125, 315
36, 176, 315
112, 215, 315
71, 205, 315
21, 150, 315
173, 33, 315
166, 201, 315
192, 51, 315
149, 209, 315
76, 207, 315
202, 65, 315
209, 81, 315
136, 213, 315
55, 195, 315
44, 45, 315
175, 195, 315
31, 60, 315
89, 211, 315
27, 67, 315
134, 213, 315
22, 77, 315
47, 42, 315
178, 192, 315
123, 215, 315
105, 15, 315
121, 15, 315
142, 211, 315
15, 117, 315
35, 176, 315
111, 215, 315
16, 102, 315
157, 24, 315
54, 194, 315
17, 132, 315
48, 41, 315
172, 33, 315
186, 45, 315
18, 89, 315
191, 51, 315
213, 93, 315
34, 56, 315
68, 27, 315
43, 185, 315
199, 60, 315
51, 38, 315
207, 153, 315
178, 37, 315
17, 94, 315
202, 163, 315
116, 15, 315
80, 209, 315
24, 73, 315
66, 202, 315
36, 53, 315
174, 35, 315
212, 138, 315
16, 132, 315
93, 17, 315
176, 195, 315
32, 60, 315
167, 29, 315
39, 50, 315
208, 150, 315
214, 105, 315
59, 198, 315
177, 37, 315
18, 138, 315
215, 118, 315
177, 193, 315
15, 109, 315
209, 149, 315
212, 89, 315
130, 214, 315
30, 167, 315
48, 189, 315
115, 15, 315
207, 77, 315
86, 19, 315
170, 31, 315
138, 212, 315
34, 173, 315
26, 70, 315
59, 32, 315
200, 62, 315
166, 29, 315
138, 18, 315
160, 26, 315
211, 89, 315
189, 47, 315
47, 189, 315
210, 147, 315
197, 173, 315
85, 19, 315
213, 132, 315
60, 199, 315
182, 41, 315
126, 214, 315
53, 37, 315
215, 121, 315
145, 210, 315
212, 92, 315
215, 110, 315
98, 214, 315
75, 207, 315
28, 66, 315
41, 182, 315
35, 54, 315
22, 80, 315
16, 125, 315
192, 179, 315
137, 213, 315
17, 135, 315
18, 92, 315
129, 16, 315
75, 24, 315
124, 15, 315
206, 157, 315
199, 169, 315
114, 215, 315
195, 176, 315
52, 193, 315
15, 120, 315
17, 97, 315
31, 170, 315
180, 191, 315
20, 83, 315
52, 38, 315
107, 15, 315
144, 211, 315
183, 188, 315
208, 153, 315
69, 204, 315
18, 141, 315
186, 185, 315
204, 162, 315
175, 35, 315
191, 180, 315
43, 46, 315
28, 165, 315
23, 153, 315
200, 63, 315
118, 15, 315
63, 200, 315
153, 22, 315
194, 177, 315
65, 28, 315
210, 82, 315
141, 212, 315
150, 21, 315
214, 127, 315
113, 215, 315
145, 20, 315
155, 207, 315
32, 172, 315
37, 178, 315
38, 52, 315
25, 70, 315
141, 18, 315
153, 23, 315
80, 21, 315
214, 100, 315
136, 17, 315
155, 24, 315
215, 124, 315
215, 113, 315
196, 173, 315
140, 212, 315
149, 21, 315
84, 210, 315
213, 97, 315
163, 27, 315
148, 210, 315
212, 141, 315
205, 72, 315
73, 206, 315
181, 39, 315
22, 151, 315
39, 181, 315
210, 85, 315
70, 26, 315
77, 22, 315
214, 130, 315
146, 210, 315
64, 29, 315
194, 54, 315
15, 123, 315
15, 112, 315
179, 39, 315
88, 211, 315
21, 148, 315
38, 178, 315
32, 58, 315
37, 53, 315
168, 30, 315
26, 161, 315
46, 42, 315
163, 202, 315
81, 21, 315
58, 33, 315
198, 170, 315
125, 15, 315
188, 47, 315
215, 116, 315
56, 195, 315
164, 28, 315
215, 105, 315
105, 214, 315
51, 191, 315
16, 98, 315
131, 16, 315
25, 160, 315
35, 174, 315
205, 159, 315
23, 77, 315
153, 208, 315
110, 15, 315
179, 192, 315
191, 49, 315
208, 79, 315
134, 17, 315
203, 67, 315
187, 45, 315
45, 187, 315
121, 215, 315
105, 215, 315
19, 86, 315
58, 197, 315
100, 214, 315
15, 115, 315
29, 167, 315
195, 54, 315
42, 46, 315
180, 39, 315
24, 155, 315
126, 16, 315
203, 163, 315
173, 197, 315
203, 68, 315
150, 209, 315
61, 199, 315
45, 43, 315
27, 163, 315
148, 20, 315
94, 17, 315
193, 52, 315
127, 214, 315
143, 19, 315
57, 197, 315
20, 146, 315
99, 214, 315
21, 82, 315
66, 28, 315
163, 28, 315
207, 75, 315
67, 27, 315
211, 145, 315
50, 191, 315
151, 22, 315
130, 16, 315
19, 89, 315
51, 39, 315
83, 20, 315
56, 34, 315
207, 154, 315
187, 184, 315
115, 215, 315
26, 68, 315
147, 20, 315
91, 18, 315
211, 87, 315
190, 181, 315
95, 213, 315
206, 75, 315
210, 145, 315
172, 198, 315
90, 212, 315
49, 191, 315
67, 202, 315
204, 70, 315
193, 178, 315
211, 144, 315
82, 20, 315
76, 23, 315
184, 43, 315
184, 188, 315
215, 108, 315
209, 150, 315
81, 209, 315
90, 18, 315
70, 204, 315
16, 101, 315
202, 66, 315
162, 26, 315
98, 16, 315
94, 213, 315
167, 201, 315
31, 61, 315
89, 212, 315
169, 199, 315
57, 34, 315
82, 21, 315
188, 184, 315
27, 68, 315
86, 211, 315
214, 125, 315
214, 103, 315
195, 174, 315
201, 65, 315
15, 118, 315
15, 107, 315
137, 17, 315
132, 16, 315
165, 202, 315
124, 215, 315
16, 131, 315
213, 133, 315
77, 208, 315
33, 172, 315
161, 26, 315
185, 44, 315
198, 59, 315
145, 211, 315
33, 57, 315
85, 211, 315
29, 64, 315
16, 104, 315
89, 19, 315
108, 15, 315
36, 54, 315
117, 15, 315
30, 168, 315
107, 215, 315
192, 52, 315
209, 82, 315
102, 214, 315
200, 167, 315
39, 51, 315
18, 139, 315
215, 119, 315
212, 90, 315
190, 48, 315
22, 78, 315
178, 193, 315
50, 39, 315
105, 16, 315
118, 215, 315
16, 103, 315
213, 94, 315
54, 195, 315
17, 133, 315
210, 148, 315
106, 215, 315
18, 90, 315
34, 57, 315
101, 214, 315
181, 190, 315
206, 155, 315
199, 61, 315
98, 213, 315
41, 47, 315
28, 65, 315
165, 28, 315
201, 64, 315
93, 212, 315
215, 111, 315
23, 75, 315
17, 95, 315
189, 48, 315
202, 164, 315
189, 182, 315
65, 201, 315
85, 20, 315
24, 74, 315
161, 204, 315
49, 39, 315
104, 16, 315
111, 15, 315
197, 57, 315
212, 139, 315
213, 135, 315
93, 18, 315
162, 203, 315
39, 179, 315
68, 203, 315
183, 41, 315
167, 30, 315
208, 151, 315
119, 15, 315
97, 213, 315
19, 141, 315
40, 181, 315
15, 110, 315
78, 22, 315
177, 194, 315
196, 56, 315
25, 71, 315
64, 201, 315
48, 190, 315
204, 160, 315
99, 16, 315
125, 214, 315
30, 62, 315
160, 204, 315
141, 19, 315
55, 35, 315
170, 32, 315
28, 163, 315
33, 58, 315
21, 80, 315
34, 174, 315
53, 193, 315
32, 170, 315
174, 195, 315
214, 98, 315
201, 166, 315
74, 206, 315
23, 154, 315
110, 215, 315
15, 113, 315
215, 122, 315
170, 198, 315
53, 194, 315
65, 29, 315
206, 73, 315
212, 93, 315
28, 67, 315
41, 183, 315
35, 55, 315
191, 181, 315
16, 126, 315
82, 209, 315
211, 142, 315
198, 171, 315
176, 35, 315
17, 136, 315
205, 70, 315
18, 93, 315
63, 201, 315
132, 213, 315
29, 165, 315
155, 23, 315
199, 170, 315
44, 185, 315
210, 83, 315
150, 22, 315
54, 35, 315
214, 128, 315
15, 121, 315
17, 98, 315
158, 25, 315
187, 46, 315
88, 19, 315
80, 22, 315
20, 84, 315
44, 186, 315
40, 48, 315
46, 187, 315
129, 214, 315
96, 17, 315
171, 198, 315
196, 174, 315
154, 23, 315
24, 156, 315
215, 114, 315
183, 189, 315
19, 144, 315
25, 158, 315
125, 215, 315
78, 208, 315
38, 179, 315
73, 24, 315
186, 186, 315
208, 77, 315
181, 40, 315
87, 19, 315
46, 43, 315
95, 17, 315
211, 85, 315
128, 214, 315
21, 149, 315
182, 189, 315
208, 78, 315
205, 160, 315
108, 215, 315
44, 44, 315
16, 128, 315
63, 29, 315
185, 186, 315
201, 167, 315
56, 196, 315
84, 20, 315
214, 101, 315
116, 215, 315
101, 16, 315
15, 105, 315
215, 125, 315
35, 175, 315
48, 40, 315
172, 32, 315
74, 24, 315
191, 50, 315
16, 129, 315
43, 184, 315
72, 205, 315
19, 87, 315
91, 212, 315
22, 152, 315
42, 47, 315
77, 23, 315
214, 131, 315
42, 183, 315
98, 17, 315
174, 34, 315
135, 213, 315
15, 124, 315
32, 59, 315
122, 15, 315
209, 80, 315
26, 162, 315
204, 68, 315
214, 104, 315
163, 203, 315
157, 206, 315
125, 16, 315
117, 215, 315
177, 36, 315
18, 137, 315
215, 117, 315
120, 15, 315
215, 106, 315
209, 148, 315
207, 76, 315
67, 28, 315
51, 192, 315
47, 41, 315
36, 177, 315
97, 17, 315
173, 34, 315
186, 44, 315
152, 22, 315
56, 35, 315
208, 80, 315
187, 185, 315
156, 206, 315
201, 63, 315
160, 25, 315
211, 88, 315
15, 116, 315
17, 93, 315
109, 15, 315
60, 31, 315
67, 203, 315
146, 20, 315
96, 213, 315
131, 214, 315
176, 194, 315
103, 214, 315
215, 109, 315
148, 21, 315
75, 206, 315
193, 53, 315
133, 17, 315
70, 205, 315
178, 38, 315
80, 208, 315
162, 27, 315
20, 147, 315
165, 201, 315
212, 137, 315
213, 95, 315
192, 178, 315
75, 23, 315
69, 26, 315
206, 156, 315
39, 49, 315
165, 29, 315
195, 175, 315
142, 19, 315
159, 205, 315
207, 155, 315
15, 108, 315
137, 18, 315
26, 69, 315
189, 183, 315
29, 65, 315
72, 25, 315
190, 182, 315
20, 82, 315
47, 188, 315
210, 146, 315
112, 15, 315
198, 60, 315
197, 172, 315
68, 26, 315
182, 40, 315
158, 205, 315
53, 36, 315
215, 120, 315
152, 208, 315
204, 161, 315
191, 179, 315
30, 63, 315
202, 67, 315
60, 198, 315
62, 30, 315
128, 16, 315
200, 168, 315
123, 15, 315
17, 134, 315
18, 91, 315
171, 32, 315
194, 176, 315
214, 126, 315
151, 208, 315
