215, 115, 1517
215, 115, 1288
215, 115, 205
215, 115, 879
215, 115, 1782
215, 115, 470
215, 115, 1373
215, 115, 1144
215, 115, 61
215, 115, 735
215, 115, 1638
215, 115, 1409
215, 115, 326
215, 115, 97
215, 115, 1000
215, 115, 1674
215, 115, 591
215, 115, 362
215, 115, 1265
215, 115, 856
215, 115, 1759
215, 115, 1530
215, 115, 447
215, 115, 218
215, 115, 1121
215, 115, 1795
215, 115, 712
215, 115, 483
215, 115, 1386
215, 115, 74
215, 115, 977
215, 115, 748
215, 115, 1651
215, 115, 339
215, 115, 1242
215, 115, 833
215, 115, 604
215, 115, 1507
215, 115, 195
215, 115, 1098
215, 115, 869
215, 115, 1772
215, 115, 460
215, 115, 1363
215, 115, 1134
215, 115, 51
215, 115, 725
215, 115, 1628
215, 115, 316
215, 115, 1219
215, 115, 990
215, 115, 581
215, 115, 1484
215, 115, 1255
215, 115, 172
215, 115, 846
215, 115, 1749
215, 115, 437
215, 115, 208
215, 115, 1340
215, 115, 1111
215, 115, 702
215, 115, 1605
215, 115, 1376
215, 115, 293
215, 115, 64
215, 115, 967
215, 115, 1641
215, 115, 558
215, 115, 329
215, 115, 1232
215, 115, 823
215, 115, 594
215, 115, 1726
215, 115, 1497
215, 115, 185
215, 115, 1088
215, 115, 1762
215, 115, 679
215, 115, 450
215, 115, 1353
215, 115, 41
215, 115, 944
215, 115, 715
215, 115, 1618
215, 115, 306
215, 115, 1209
215, 115, 800
215, 115, 571
215, 115, 1474
215, 115, 162
215, 115, 1065
215, 115, 836
215, 115, 1739
215, 115, 427
215, 115, 1330
215, 115, 1101
215, 115, 18
215, 115, 692
215, 115, 1595
215, 115, 283
215, 115, 54
215, 115, 1186
215, 115, 957
215, 115, 548
215, 115, 1451
215, 115, 1222
215, 115, 139
215, 115, 813
215, 115, 1716
215, 115, 1487
215, 115, 404
215, 115, 175
215, 115, 1078
215, 115, 669
215, 115, 440
215, 115, 1572
215, 115, 1343
215, 115, 31
215, 115, 934
215, 115, 1837
215, 115, 1608
215, 115, 525
215, 115, 296
215, 115, 1199
215, 115, 790
215, 115, 561
215, 115, 1464
215, 115, 152
215, 115, 1055
215, 115, 1729
215, 115, 646
215, 115, 417
215, 115, 1320
215, 115, 911
215, 115, 682
215, 115, 1585
215, 115, 273
215, 115, 1176
215, 115, 947
215, 115, 1850
215, 115, 538
215, 115, 1441
215, 115, 129
215, 115, 1032
215, 115, 803
215, 115, 1706
215, 115, 394
215, 115, 1297
215, 115, 1068
215, 115, 659
215, 115, 1562
215, 115, 1333
215, 115, 250
215, 115, 21
215, 115, 924
215, 115, 1827
215, 115, 515
215, 115, 1418
215, 115, 1189
215, 115, 106
215, 115, 780
215, 115, 1683
215, 115, 1454
215, 115, 371
215, 115, 142
215, 115, 1045
215, 115, 636
215, 115, 407
215, 115, 1310
215, 115, 901
215, 115, 1804
215, 115, 1575
215, 115, 492
215, 115, 263
215, 115, 1166
215, 115, 1840
215, 115, 757
215, 115, 528
215, 115, 1431
215, 115, 119
215, 115, 1022
215, 115, 793
215, 115, 1696
215, 115, 384
215, 115, 1287
215, 115, 878
215, 115, 649
215, 115, 1552
215, 115, 240
215, 115, 1143
215, 115, 914
215, 115, 1817
215, 115, 505
215, 115, 1408
215, 115, 1179
215, 115, 96
215, 115, 770
215, 115, 1673
215, 115, 361
215, 115, 1264
215, 115, 1035
215, 115, 626
215, 115, 1529
215, 115, 1300
215, 115, 217
215, 115, 891
215, 115, 1794
215, 115, 482
215, 115, 253
215, 115, 1385
215, 115, 1156
215, 115, 747
215, 115, 1650
215, 115, 1421
215, 115, 338
215, 115, 109
215, 115, 1012
215, 115, 1686
215, 115, 603
215, 115, 374
215, 115, 1277
215, 115, 868
215, 115, 639
215, 115, 1771
215, 115, 1542
215, 115, 230
215, 115, 1133
215, 115, 1807
215, 115, 724
215, 115, 495
215, 115, 1398
215, 115, 86
215, 115, 989
215, 115, 760
215, 115, 1663
215, 115, 351
215, 115, 1254
215, 115, 845
215, 115, 616
215, 115, 1519
215, 115, 207
215, 115, 1110
215, 115, 881
215, 115, 1784
215, 115, 472
215, 115, 1375
215, 115, 1146
215, 115, 63
215, 115, 737
215, 115, 1640
215, 115, 328
215, 115, 99
215, 115, 1231
215, 115, 1002
215, 115, 593
215, 115, 1496
215, 115, 1267
215, 115, 184
215, 115, 858
215, 115, 1761
215, 115, 1532
215, 115, 449
215, 115, 220
215, 115, 1123
215, 115, 714
215, 115, 485
215, 115, 1617
215, 115, 1388
215, 115, 76
215, 115, 979
215, 115, 1653
215, 115, 570
215, 115, 341
215, 115, 1244
215, 115, 835
215, 115, 606
215, 115, 1509
215, 115, 197
215, 115, 1100
215, 115, 1774
215, 115, 691
215, 115, 462
215, 115, 1365
215, 115, 53
215, 115, 956
215, 115, 727
215, 115, 1630
215, 115, 318
215, 115, 1221
215, 115, 992
215, 115, 583
215, 115, 1486
215, 115, 174
215, 115, 1077
215, 115, 848
215, 115, 1751
215, 115, 439
215, 115, 1342
215, 115, 1113
215, 115, 30
215, 115, 704
215, 115, 1607
215, 115, 1378
215, 115, 295
215, 115, 66
215, 115, 969
215, 115, 560
215, 115, 1463
215, 115, 1234
215, 115, 151
215, 115, 825
215, 115, 1728
215, 115, 1499
215, 115, 416
215, 115, 187
215, 115, 1090
215, 115, 681
215, 115, 452
215, 115, 1355
215, 115, 43
215, 115, 946
215, 115, 1849
215, 115, 1620
215, 115, 537
215, 115, 308
215, 115, 1211
215, 115, 802
215, 115, 573
215, 115, 1476
215, 115, 164
215, 115, 1067
215, 115, 838
215, 115, 1741
215, 115, 429
215, 115, 1332
215, 115, 20
215, 115, 923
215, 115, 694
215, 115, 1597
215, 115, 285
215, 115, 1188
215, 115, 959
215, 115, 550
215, 115, 1453
215, 115, 1224
215, 115, 141
215, 115, 815
215, 115, 1718
215, 115, 406
215, 115, 1309
215, 115, 1080
215, 115, 671
215, 115, 1574
215, 115, 1345
215, 115, 262
215, 115, 33
215, 115, 936
215, 115, 1839
215, 115, 527
215, 115, 298
215, 115, 1430
215, 115, 1201
215, 115, 792
215, 115, 1695
215, 115, 1466
215, 115, 383
215, 115, 154
215, 115, 1057
215, 115, 1731
215, 115, 648
215, 115, 419
215, 115, 1322
215, 115, 913
215, 115, 684
215, 115, 1816
215, 115, 1587
215, 115, 275
215, 115, 1178
215, 115, 1852
215, 115, 769
215, 115, 540
215, 115, 1443
215, 115, 131
215, 115, 1034
215, 115, 805
215, 115, 1708
215, 115, 396
215, 115, 1299
215, 115, 890
215, 115, 661
215, 115, 1564
215, 115, 252
215, 115, 1155
215, 115, 926
215, 115, 1829
215, 115, 517
215, 115, 1420
215, 115, 1191
215, 115, 108
215, 115, 782
215, 115, 1685
215, 115, 373
215, 115, 144
215, 115, 1276
215, 115, 1047
215, 115, 638
215, 115, 1541
215, 115, 1312
215, 115, 229
215, 115, 903
215, 115, 1806
215, 115, 1577
215, 115, 494
215, 115, 265
215, 115, 1168
215, 115, 759
215, 115, 1662
215, 115, 1433
215, 115, 121
215, 115, 1024
215, 115, 1698
215, 115, 615
215, 115, 386
215, 115, 1289
215, 115, 880
215, 115, 651
215, 115, 1554
215, 115, 242
215, 115, 1145
215, 115, 1819
215, 115, 736
215, 115, 507
215, 115, 1410
215, 115, 98
215, 115, 1001
215, 115, 772
215, 115, 1675
215, 115, 363
215, 115, 1266
215, 115, 1037
215, 115, 628
215, 115, 1531
215, 115, 219
215, 115, 1122
215, 115, 893
215, 115, 1796
215, 115, 484
215, 115, 1387
215, 115, 1158
215, 115, 75
215, 115, 749
215, 115, 1652
215, 115, 1423
215, 115, 340
215, 115, 111
215, 115, 1014
215, 115, 605
215, 115, 1508
215, 115, 1279
215, 115, 196
215, 115, 870
215, 115, 1773
215, 115, 1544
215, 115, 461
215, 115, 232
215, 115, 1135
215, 115, 726
215, 115, 497
215, 115, 1400
215, 115, 88
215, 115, 991
215, 115, 1665
215, 115, 582
215, 115, 353
215, 115, 1256
215, 115, 847
215, 115, 618
215, 115, 1521
215, 115, 209
215, 115, 1112
215, 115, 883
215, 115, 1786
215, 115, 474
215, 115, 1377
215, 115, 65
215, 115, 968
215, 115, 739
215, 115, 1642
215, 115, 330
215, 115, 1233
215, 115, 1004
215, 115, 595
215, 115, 1498
215, 115, 1269
215, 115, 186
215, 115, 860
215, 115, 1763
215, 115, 451
215, 115, 1354
215, 115, 1125
215, 115, 42
215, 115, 716
215, 115, 1619
215, 115, 1390
215, 115, 307
215, 115, 78
215, 115, 981
215, 115, 572
215, 115, 343
215, 115, 1475
215, 115, 1246
215, 115, 837
215, 115, 1740
215, 115, 1511
215, 115, 428
215, 115, 199
215, 115, 1102
215, 115, 1776
215, 115, 693
215, 115, 464
215, 115, 1367
215, 115, 55
215, 115, 958
215, 115, 729
215, 115, 1632
215, 115, 320
215, 115, 1223
215, 115, 814
215, 115, 585
215, 115, 1488
215, 115, 176
215, 115, 1079
215, 115, 850
215, 115, 1753
215, 115, 441
215, 115, 1344
215, 115, 32
215, 115, 935
215, 115, 706
215, 115, 1609
215, 115, 297
215, 115, 1200
215, 115, 971
215, 115, 562
215, 115, 1465
215, 115, 1236
215, 115, 153
215, 115, 827
215, 115, 1730
215, 115, 418
215, 115, 189
215, 115, 1321
215, 115, 1092
215, 115, 683
215, 115, 1586
215, 115, 1357
215, 115, 274
215, 115, 45
215, 115, 948
215, 115, 1851
215, 115, 1622
215, 115, 539
215, 115, 310
215, 115, 1213
215, 115, 804
215, 115, 1707
215, 115, 1478
215, 115, 166
215, 115, 1069
215, 115, 1743
215, 115, 660
215, 115, 431
215, 115, 1334
215, 115, 22
215, 115, 925
215, 115, 696
215, 115, 1599
215, 115, 287
215, 115, 1190
215, 115, 781
215, 115, 552
215, 115, 1455
215, 115, 143
215, 115, 1046
215, 115, 817
215, 115, 1720
215, 115, 408
215, 115, 1311
215, 115, 1082
215, 115, 673
215, 115, 1576
215, 115, 264
215, 115, 35
215, 115, 1167
215, 115, 938
215, 115, 1841
215, 115, 529
215, 115, 1432
215, 115, 1203
215, 115, 120
215, 115, 794
215, 115, 1697
215, 115, 1468
215, 115, 385
215, 115, 156
215, 115, 1059
215, 115, 650
215, 115, 1553
215, 115, 1324
215, 115, 241
215, 115, 915
215, 115, 1818
215, 115, 1589
215, 115, 506
215, 115, 277
215, 115, 1180
215, 115, 771
215, 115, 542
215, 115, 1445
215, 115, 133
215, 115, 1036
215, 115, 1710
215, 115, 627
215, 115, 398
215, 115, 1301
215, 115, 892
215, 115, 663
215, 115, 1566
215, 115, 254
215, 115, 1157
215, 115, 928
215, 115, 1831
215, 115, 519
215, 115, 1422
215, 115, 110
215, 115, 1013
215, 115, 784
215, 115, 1687
215, 115, 375
215, 115, 1278
215, 115, 1049
215, 115, 640
215, 115, 1543
215, 115, 1314
215, 115, 231
215, 115, 905
215, 115, 1808
215, 115, 496
215, 115, 1399
215, 115, 1170
215, 115, 87
215, 115, 761
215, 115, 1664
215, 115, 1435
215, 115, 352
215, 115, 123
215, 115, 1026
215, 115, 617
215, 115, 388
215, 115, 1520
215, 115, 1291
215, 115, 882
215, 115, 1785
215, 115, 1556
215, 115, 473
215, 115, 244
215, 115, 1147
215, 115, 1821
215, 115, 738
215, 115, 509
215, 115, 1412
215, 115, 100
215, 115, 1003
215, 115, 774
215, 115, 1677
215, 115, 365
215, 115, 1268
215, 115, 859
215, 115, 630
215, 115, 1533
215, 115, 221
215, 115, 1124
215, 115, 895
215, 115, 1798
215, 115, 486
215, 115, 1389
215, 115, 77
215, 115, 980
215, 115, 751
215, 115, 1654
215, 115, 342
215, 115, 1245
215, 115, 1016
215, 115, 607
215, 115, 1510
215, 115, 1281
215, 115, 198
215, 115, 872
215, 115, 1775
215, 115, 463
215, 115, 234
215, 115, 1366
215, 115, 1137
215, 115, 728
215, 115, 1631
215, 115, 1402
215, 115, 319
215, 115, 90
215, 115, 993
215, 115, 1667
215, 115, 584
215, 115, 355
215, 115, 1258
215, 115, 849
215, 115, 1752
215, 115, 1523
215, 115, 211
215, 115, 1114
215, 115, 1788
215, 115, 705
215, 115, 476
215, 115, 1379
215, 115, 67
215, 115, 970
215, 115, 741
215, 115, 1644
215, 115, 332
215, 115, 1235
215, 115, 826
215, 115, 597
215, 115, 1500
215, 115, 188
215, 115, 1091
215, 115, 862
215, 115, 1765
215, 115, 453
215, 115, 1356
215, 115, 1127
215, 115, 44
215, 115, 718
215, 115, 1621
215, 115, 309
215, 115, 80
215, 115, 1212
215, 115, 983
215, 115, 574
215, 115, 1477
215, 115, 1248
215, 115, 165
215, 115, 839
215, 115, 1742
215, 115, 1513
215, 115, 430
215, 115, 201
215, 115, 1104
215, 115, 695
215, 115, 1598
215, 115, 1369
215, 115, 286
215, 115, 57
215, 115, 960
215, 115, 1634
215, 115, 551
215, 115, 322
215, 115, 1225
215, 115, 816
215, 115, 587
215, 115, 1719
215, 115, 1490
215, 115, 178
215, 115, 1081
215, 115, 1755
215, 115, 672
215, 115, 443
215, 115, 1346
215, 115, 34
215, 115, 937
215, 115, 708
215, 115, 1611
215, 115, 299
215, 115, 1202
215, 115, 973
215, 115, 564
215, 115, 1467
215, 115, 155
215, 115, 1058
215, 115, 829
215, 115, 1732
215, 115, 420
215, 115, 1323
215, 115, 1094
215, 115, 685
215, 115, 1588
215, 115, 1359
215, 115, 276
215, 115, 47
215, 115, 950
215, 115, 1853
215, 115, 541
215, 115, 1444
215, 115, 1215
215, 115, 132
215, 115, 806
215, 115, 1709
215, 115, 1480
215, 115, 397
215, 115, 168
215, 115, 1071
215, 115, 662
215, 115, 433
215, 115, 1565
215, 115, 1336
215, 115, 24
215, 115, 927
215, 115, 1830
215, 115, 1601
215, 115, 518
215, 115, 289
215, 115, 1192
215, 115, 783
215, 115, 554
215, 115, 1457
215, 115, 145
215, 115, 1048
215, 115, 819
215, 115, 1722
215, 115, 410
215, 115, 1313
215, 115, 904
215, 115, 675
215, 115, 1578
215, 115, 266
215, 115, 1169
215, 115, 940
215, 115, 1843
215, 115, 531
215, 115, 1434
215, 115, 122
215, 115, 1025
215, 115, 796
215, 115, 1699
215, 115, 387
215, 115, 1290
215, 115, 1061
215, 115, 652
215, 115, 1555
215, 115, 1326
215, 115, 243
215, 115, 917
215, 115, 1820
215, 115, 508
215, 115, 279
215, 115, 1411
215, 115, 1182
215, 115, 773
215, 115, 1676
215, 115, 1447
215, 115, 364
215, 115, 135
215, 115, 1038
215, 115, 1712
215, 115, 629
215, 115, 400
215, 115, 1303
215, 115, 894
215, 115, 1797
215, 115, 1568
215, 115, 256
215, 115, 1159
215, 115, 1833
215, 115, 750
215, 115, 521
215, 115, 1424
215, 115, 112
215, 115, 1015
215, 115, 786
215, 115, 1689
215, 115, 377
215, 115, 1280
215, 115, 871
215, 115, 642
215, 115, 1545
215, 115, 233
215, 115, 1136
215, 115, 907
215, 115, 1810
215, 115, 498
215, 115, 1401
215, 115, 1172
215, 115, 89
215, 115, 763
215, 115, 1666
215, 115, 354
215, 115, 125
215, 115, 1257
215, 115, 1028
215, 115, 619
215, 115, 1522
215, 115, 1293
215, 115, 210
215, 115, 884
215, 115, 1787
215, 115, 1558
215, 115, 475
215, 115, 246
215, 115, 1149
215, 115, 740
215, 115, 1643
215, 115, 1414
215, 115, 331
215, 115, 102
215, 115, 1005
215, 115, 1679
215, 115, 596
215, 115, 367
215, 115, 1270
215, 115, 861
215, 115, 632
215, 115, 1764
215, 115, 1535
215, 115, 223
215, 115, 1126
215, 115, 1800
215, 115, 717
215, 115, 488
215, 115, 1391
215, 115, 79
215, 115, 982
215, 115, 753
215, 115, 1656
215, 115, 344
215, 115, 1247
215, 115, 1018
215, 115, 609
215, 115, 1512
215, 115, 200
215, 115, 1103
215, 115, 874
215, 115, 1777
215, 115, 465
215, 115, 1368
215, 115, 1139
215, 115, 56
215, 115, 730
215, 115, 1633
215, 115, 1404
215, 115, 321
215, 115, 92
215, 115, 995
215, 115, 586
215, 115, 1489
215, 115, 1260
215, 115, 177
215, 115, 851
215, 115, 1754
215, 115, 1525
215, 115, 442
215, 115, 213
215, 115, 1116
215, 115, 707
215, 115, 478
215, 115, 1610
215, 115, 1381
215, 115, 69
215, 115, 972
215, 115, 1646
215, 115, 563
215, 115, 334
215, 115, 1237
215, 115, 828
215, 115, 599
215, 115, 1502
215, 115, 190
215, 115, 1093
215, 115, 864
215, 115, 1767
215, 115, 455
215, 115, 1358
215, 115, 46
215, 115, 949
215, 115, 720
215, 115, 1623
215, 115, 311
215, 115, 1214
215, 115, 985
215, 115, 576
215, 115, 1479
215, 115, 167
215, 115, 1070
215, 115, 841
215, 115, 1744
215, 115, 432
215, 115, 1335
215, 115, 1106
215, 115, 23
215, 115, 697
215, 115, 1600
215, 115, 1371
215, 115, 288
215, 115, 59
215, 115, 962
215, 115, 553
215, 115, 324
215, 115, 1456
215, 115, 1227
215, 115, 818
215, 115, 1721
215, 115, 1492
215, 115, 409
215, 115, 180
215, 115, 1083
215, 115, 1757
215, 115, 674
215, 115, 445
215, 115, 1348
215, 115, 36
215, 115, 939
215, 115, 1842
215, 115, 1613
215, 115, 530
215, 115, 301
215, 115, 1204
215, 115, 795
215, 115, 566
215, 115, 1469
215, 115, 157
215, 115, 1060
215, 115, 831
215, 115, 1734
215, 115, 422
215, 115, 1325
215, 115, 916
215, 115, 687
215, 115, 1590
215, 115, 278
215, 115, 1181
215, 115, 952
215, 115, 1855
215, 115, 543
215, 115, 1446
215, 115, 1217
215, 115, 134
215, 115, 808
215, 115, 1711
215, 115, 399
215, 115, 170
215, 115, 1302
215, 115, 1073
215, 115, 664
215, 115, 1567
215, 115, 1338
215, 115, 255
215, 115, 26
215, 115, 929
215, 115, 1832
215, 115, 1603
215, 115, 520
215, 115, 291
215, 115, 1194
215, 115, 785
215, 115, 1688
215, 115, 1459
215, 115, 376
215, 115, 147
215, 115, 1050
215, 115, 1724
215, 115, 641
215, 115, 412
215, 115, 1315
215, 115, 906
215, 115, 677
215, 115, 1809
215, 115, 1580
215, 115, 268
215, 115, 1171
215, 115, 1845
215, 115, 762
215, 115, 533
215, 115, 1436
215, 115, 124
215, 115, 1027
215, 115, 798
215, 115, 1701
215, 115, 389
215, 115, 1292
215, 115, 1063
215, 115, 654
215, 115, 1557
215, 115, 245
215, 115, 1148
215, 115, 919
215, 115, 1822
215, 115, 510
215, 115, 1413
215, 115, 1184
215, 115, 101
215, 115, 775
215, 115, 1678
215, 115, 1449
215, 115, 366
215, 115, 137
215, 115, 1040
215, 115, 631
215, 115, 1534
215, 115, 1305
215, 115, 222
215, 115, 896
215, 115, 1799
215, 115, 1570
215, 115, 487
215, 115, 258
215, 115, 1161
215, 115, 752
215, 115, 523
215, 115, 1655
215, 115, 1426
215, 115, 114
215, 115, 1017
215, 115, 1691
215, 115, 608
215, 115, 379
215, 115, 1282
215, 115, 873
215, 115, 644
215, 115, 1547
215, 115, 235
215, 115, 1138
215, 115, 909
215, 115, 1812
215, 115, 500
215, 115, 1403
215, 115, 91
215, 115, 994
215, 115, 765
215, 115, 1668
215, 115, 356
215, 115, 1259
215, 115, 1030
215, 115, 621
215, 115, 1524
215, 115, 212
215, 115, 1115
215, 115, 886
215, 115, 1789
215, 115, 477
215, 115, 1380
215, 115, 1151
215, 115, 68
215, 115, 742
215, 115, 1645
215, 115, 1416
215, 115, 333
215, 115, 104
215, 115, 1007
215, 115, 598
215, 115, 369
215, 115, 1501
215, 115, 1272
215, 115, 863
215, 115, 1766
215, 115, 1537
215, 115, 454
215, 115, 225
215, 115, 1128
215, 115, 1802
215, 115, 719
215, 115, 490
215, 115, 1393
215, 115, 81
215, 115, 984
215, 115, 1658
215, 115, 575
215, 115, 346
215, 115, 1249
215, 115, 840
215, 115, 611
215, 115, 1514
215, 115, 202
215, 115, 1105
215, 115, 876
215, 115, 1779
215, 115, 467
215, 115, 1370
215, 115, 58
215, 115, 961
215, 115, 732
215, 115, 1635
215, 115, 323
215, 115, 1226
215, 115, 997
215, 115, 588
215, 115, 1491
215, 115, 1262
215, 115, 179
215, 115, 853
215, 115, 1756
215, 115, 444
215, 115, 215
215, 115, 1347
215, 115, 1118
215, 115, 709
215, 115, 1612
215, 115, 1383
215, 115, 300
215, 115, 71
215, 115, 974
215, 115, 1648
215, 115, 565
215, 115, 336
215, 115, 1239
215, 115, 830
215, 115, 1733
215, 115, 1504
215, 115, 421
215, 115, 192
215, 115, 1095
215, 115, 1769
215, 115, 686
215, 115, 457
215, 115, 1360
215, 115, 48
215, 115, 951
215, 115, 722
215, 115, 1854
215, 115, 1625
215, 115, 313
215, 115, 1216
215, 115, 807
215, 115, 578
215, 115, 1481
215, 115, 169
215, 115, 1072
215, 115, 843
215, 115, 1746
215, 115, 434
215, 115, 1337
215, 115, 1108
215, 115, 25
215, 115, 699
215, 115, 1602
215, 115, 290
215, 115, 1193
215, 115, 964
215, 115, 555
215, 115, 1458
215, 115, 1229
215, 115, 146
215, 115, 820
215, 115, 1723
215, 115, 1494
215, 115, 411
215, 115, 182
215, 115, 1085
215, 115, 676
215, 115, 1579
215, 115, 1350
215, 115, 267
215, 115, 38
215, 115, 941
215, 115, 1844
215, 115, 1615
215, 115, 532
215, 115, 303
215, 115, 1206
215, 115, 797
215, 115, 568
215, 115, 1700
215, 115, 1471
215, 115, 159
215, 115, 1062
215, 115, 1736
215, 115, 653
215, 115, 424
215, 115, 1327
215, 115, 15
215, 115, 918
215, 115, 689
215, 115, 1592
215, 115, 280
215, 115, 1183
215, 115, 954
215, 115, 545
215, 115, 1448
215, 115, 136
215, 115, 1039
215, 115, 810
215, 115, 1713
215, 115, 401
215, 115, 1304
215, 115, 1075
215, 115, 666
215, 115, 1569
215, 115, 257
215, 115, 28
215, 115, 1160
215, 115, 931
215, 115, 1834
215, 115, 522
215, 115, 1425
215, 115, 1196
215, 115, 113
215, 115, 787
215, 115, 1690
215, 115, 1461
215, 115, 378
215, 115, 149
215, 115, 1052
215, 115, 643
215, 115, 414
215, 115, 1546
215, 115, 1317
215, 115, 908
215, 115, 1811
215, 115, 1582
215, 115, 499
215, 115, 270
215, 115, 1173
215, 115, 1847
215, 115, 764
215, 115, 535
215, 115, 1438
215, 115, 126
215, 115, 1029
215, 115, 1703
215, 115, 620
215, 115, 391
215, 115, 1294
215, 115, 885
215, 115, 656
215, 115, 1559
215, 115, 247
215, 115, 1150
215, 115, 921
215, 115, 1824
215, 115, 512
215, 115, 1415
215, 115, 103
215, 115, 1006
215, 115, 777
215, 115, 1680
215, 115, 368
215, 115, 1271
215, 115, 1042
215, 115, 633
215, 115, 1536
215, 115, 1307
215, 115, 224
215, 115, 898
215, 115, 1801
215, 115, 489
215, 115, 260
215, 115, 1392
215, 115, 1163
215, 115, 754
215, 115, 1657
215, 115, 1428
215, 115, 345
215, 115, 116
215, 115, 1019
215, 115, 1693
215, 115, 610
215, 115, 381
215, 115, 1284
215, 115, 875
215, 115, 1778
215, 115, 1549
215, 115, 466
215, 115, 237
215, 115, 1140
215, 115, 1814
215, 115, 731
215, 115, 502
215, 115, 1405
215, 115, 93
215, 115, 996
215, 115, 767
215, 115, 1670
215, 115, 358
215, 115, 1261
215, 115, 852
215, 115, 623
215, 115, 1526
215, 115, 214
215, 115, 1117
215, 115, 888
215, 115, 1791
215, 115, 479
215, 115, 1382
215, 115, 1153
215, 115, 70
215, 115, 744
215, 115, 1647
215, 115, 335
215, 115, 1238
215, 115, 1009
215, 115, 600
215, 115, 1503
215, 115, 1274
215, 115, 191
215, 115, 865
215, 115, 1768
215, 115, 1539
215, 115, 456
215, 115, 227
215, 115, 1130
215, 115, 721
215, 115, 1624
215, 115, 1395
215, 115, 312
215, 115, 83
215, 115, 986
215, 115, 1660
215, 115, 577
215, 115, 348
215, 115, 1251
215, 115, 842
215, 115, 613
215, 115, 1745
215, 115, 1516
215, 115, 204
215, 115, 1107
215, 115, 1781
215, 115, 698
215, 115, 469
215, 115, 1372
215, 115, 60
215, 115, 963
215, 115, 734
215, 115, 1637
215, 115, 325
215, 115, 1228
215, 115, 999
215, 115, 590
215, 115, 1493
215, 115, 181
215, 115, 1084
215, 115, 855
215, 115, 1758
215, 115, 446
215, 115, 1349
215, 115, 1120
215, 115, 37
215, 115, 711
215, 115, 1614
215, 115, 302
215, 115, 73
215, 115, 1205
215, 115, 976
215, 115, 567
215, 115, 1470
215, 115, 1241
215, 115, 158
215, 115, 832
215, 115, 1735
215, 115, 1506
215, 115, 423
215, 115, 194
215, 115, 1097
215, 115, 688
215, 115, 459
215, 115, 1591
215, 115, 1362
215, 115, 50
215, 115, 953
215, 115, 1627
215, 115, 544
215, 115, 315
215, 115, 1218
215, 115, 809
215, 115, 580
215, 115, 1483
215, 115, 171
215, 115, 1074
215, 115, 1748
215, 115, 665
215, 115, 436
215, 115, 1339
215, 115, 27
215, 115, 930
215, 115, 701
215, 115, 1604
215, 115, 292
215, 115, 1195
215, 115, 966
215, 115, 557
215, 115, 1460
215, 115, 148
215, 115, 1051
215, 115, 822
215, 115, 1725
215, 115, 413
215, 115, 1316
215, 115, 1087
215, 115, 678
215, 115, 1581
215, 115, 1352
215, 115, 269
215, 115, 40
215, 115, 943
215, 115, 1846
215, 115, 534
215, 115, 305
215, 115, 1437
215, 115, 1208
215, 115, 799
215, 115, 1702
215, 115, 1473
215, 115, 390
215, 115, 161
215, 115, 1064
215, 115, 1738
215, 115, 655
215, 115, 426
215, 115, 1329
215, 115, 17
215, 115, 920
215, 115, 1823
215, 115, 1594
215, 115, 511
215, 115, 282
215, 115, 1185
215, 115, 776
215, 115, 547
215, 115, 1450
215, 115, 138
215, 115, 1041
215, 115, 812
215, 115, 1715
215, 115, 403
215, 115, 1306
215, 115, 897
215, 115, 668
215, 115, 1571
215, 115, 259
215, 115, 1162
215, 115, 933
215, 115, 1836
215, 115, 524
215, 115, 1427
215, 115, 1198
215, 115, 115
215, 115, 789
215, 115, 1692
215, 115, 380
215, 115, 1283
215, 115, 1054
215, 115, 645
215, 115, 1548
215, 115, 1319
215, 115, 236
215, 115, 910
215, 115, 1813
215, 115, 1584
215, 115, 501
215, 115, 272
215, 115, 1175
215, 115, 766
215, 115, 1669
215, 115, 1440
215, 115, 357
215, 115, 128
215, 115, 1031
215, 115, 1705
215, 115, 622
215, 115, 393
215, 115, 1296
215, 115, 887
215, 115, 658
215, 115, 1790
215, 115, 1561
215, 115, 249
215, 115, 1152
215, 115, 1826
215, 115, 743
215, 115, 514
215, 115, 1417
215, 115, 105
215, 115, 1008
215, 115, 779
215, 115, 1682
215, 115, 370
215, 115, 1273
215, 115, 1044
215, 115, 635
215, 115, 1538
215, 115, 226
215, 115, 1129
215, 115, 900
215, 115, 1803
215, 115, 491
215, 115, 1394
215, 115, 1165
215, 115, 82
215, 115, 756
215, 115, 1659
215, 115, 347
215, 115, 118
215, 115, 1250
215, 115, 1021
215, 115, 612
215, 115, 1515
215, 115, 1286
215, 115, 203
215, 115, 877
215, 115, 1780
215, 115, 1551
215, 115, 468
215, 115, 239
215, 115, 1142
215, 115, 733
215, 115, 504
215, 115, 1636
215, 115, 1407
215, 115, 95
215, 115, 998
215, 115, 1672
215, 115, 589
215, 115, 360
215, 115, 1263
215, 115, 854
215, 115, 625
215, 115, 1528
215, 115, 216
215, 115, 1119
215, 115, 1793
215, 115, 710
215, 115, 481
215, 115, 1384
215, 115, 72
215, 115, 975
215, 115, 746
215, 115, 1649
215, 115, 337
215, 115, 1240
215, 115, 1011
215, 115, 602
215, 115, 1505
215, 115, 193
215, 115, 1096
215, 115, 867
215, 115, 1770
215, 115, 458
215, 115, 1361
215, 115, 1132
215, 115, 49
215, 115, 723
215, 115, 1626
215, 115, 1397
215, 115, 314
215, 115, 85
215, 115, 988
215, 115, 579
215, 115, 350
215, 115, 1482
215, 115, 1253
215, 115, 844
215, 115, 1747
215, 115, 1518
215, 115, 435
215, 115, 206
215, 115, 1109
215, 115, 1783
215, 115, 700
215, 115, 471
215, 115, 1374
215, 115, 62
215, 115, 965
215, 115, 1639
215, 115, 556
215, 115, 327
215, 115, 1230
215, 115, 821
215, 115, 592
215, 115, 1495
215, 115, 183
215, 115, 1086
215, 115, 857
215, 115, 1760
215, 115, 448
215, 115, 1351
215, 115, 39
215, 115, 942
215, 115, 713
215, 115, 1616
215, 115, 304
215, 115, 1207
215, 115, 978
215, 115, 569
215, 115, 1472
215, 115, 1243
215, 115, 160
215, 115, 834
215, 115, 1737
215, 115, 425
215, 115, 1328
215, 115, 1099
215, 115, 16
215, 115, 690
215, 115, 1593
215, 115, 1364
215, 115, 281
215, 115, 52
215, 115, 955
215, 115, 1629
215, 115, 546
215, 115, 317
215, 115, 1220
215, 115, 811
215, 115, 1714
215, 115, 1485
215, 115, 402
215, 115, 173
215, 115, 1076
215, 115, 1750
215, 115, 667
215, 115, 438
215, 115, 1341
215, 115, 29
215, 115, 932
215, 115, 703
215, 115, 1835
215, 115, 1606
215, 115, 294
215, 115, 1197
215, 115, 788
215, 115, 559
215, 115, 1462
215, 115, 150
215, 115, 1053
215, 115, 824
215, 115, 1727
215, 115, 415
215, 115, 1318
215, 115, 1089
215, 115, 680
215, 115, 1583
215, 115, 271
215, 115, 1174
215, 115, 945
215, 115, 1848
215, 115, 536
215, 115, 1439
215, 115, 1210
215, 115, 127
215, 115, 801
215, 115, 1704
215, 115, 392
215, 115, 163
215, 115, 1295
215, 115, 1066
215, 115, 657
215, 115, 1560
215, 115, 1331
215, 115, 248
215, 115, 19
215, 115, 922
215, 115, 1825
215, 115, 1596
215, 115, 513
215, 115, 284
215, 115, 1187
215, 115, 778
215, 115, 549
215, 115, 1681
215, 115, 1452
215, 115, 140
215, 115, 1043
215, 115, 1717
215, 115, 634
215, 115, 405
215, 115, 1308
215, 115, 899
215, 115, 670
215, 115, 1573
215, 115, 261
215, 115, 1164
215, 115, 1838
215, 115, 755
215, 115, 526
215, 115, 1429
215, 115, 117
215, 115, 1020
215, 115, 791
215, 115, 1694
215, 115, 382
215, 115, 1285
215, 115, 1056
215, 115, 647
215, 115, 1550
215, 115, 238
215, 115, 1141
215, 115, 912
215, 115, 1815
215, 115, 503
215, 115, 1406
215, 115, 1177
215, 115, 94
215, 115, 768
215, 115, 1671
215, 115, 1442
215, 115, 359
215, 115, 130
215, 115, 1033
215, 115, 624
215, 115, 395
215, 115, 1527
215, 115, 1298
215, 115, 889
215, 115, 1792
215, 115, 1563
215, 115, 480
215, 115, 251
215, 115, 1154
215, 115, 1828
215, 115, 745
215, 115, 516
215, 115, 1419
215, 115, 107
215, 115, 1010
215, 115, 1684
215, 115, 601
215, 115, 372
215, 115, 1275
215, 115, 866
215, 115, 637
215, 115, 1540
215, 115, 228
215, 115, 1131
215, 115, 902
215, 115, 1805
215, 115, 493
215, 115, 1396
215, 115, 84
215, 115, 987
215, 115, 758
215, 115, 1661
215, 115, 349
215, 115, 1252
215, 115, 1023
215, 115, 614
