133, 17, 1855
111, 215, 1855
70, 205, 1855
16, 102, 1855
80, 208, 1855
54, 194, 1855
162, 27, 1855
20, 147, 1855
165, 201, 1855
191, 51, 1855
213, 93, 1855
212, 137, 1855
192, 178, 1855
75, 23, 1855
69, 26, 1855
206, 156, 1855
39, 49, 1855
165, 29, 1855
195, 175, 1855
142, 19, 1855
159, 205, 1855
207, 155, 1855
15, 108, 1855
137, 18, 1855
189, 183, 1855
29, 65, 1855
36, 53, 1855
16, 132, 1855
190, 182, 1855
20, 82, 1855
210, 146, 1855
112, 15, 1855
198, 60, 1855
68, 26, 1855
59, 198, 1855
182, 40, 1855
130, 214, 1855
158, 205, 1855
53, 36, 1855
215, 120, 1855
152, 208, 1855
204, 161, 1855
191, 179, 1855
30, 63, 1855
202, 67, 1855
60, 198, 1855
128, 16, 1855
200, 168, 1855
123, 15, 1855
200, 62, 1855
18, 91, 1855
171, 32, 1855
194, 176, 1855
138, 18, 1855
214, 126, 1855
151, 208, 1855
15, 119, 1855
202, 165, 1855
137, 212, 1855
132, 17, 1855
31, 169, 1855
213, 134, 1855
33, 173, 1855
127, 16, 1855
119, 215, 1855
71, 25, 1855
145, 210, 1855
98, 214, 1855
28, 66, 1855
41, 182, 1855
168, 200, 1855
215, 112, 1855
35, 56, 1855
65, 202, 1855
16, 105, 1855
213, 96, 1855
24, 75, 1855
49, 40, 1855
148, 209, 1855
61, 31, 1855
212, 140, 1855
199, 169, 1855
162, 204, 1855
92, 212, 1855
52, 37, 1855
70, 25, 1855
28, 164, 1855
208, 152, 1855
40, 182, 1855
18, 140, 1855
15, 122, 1855
15, 111, 1855
196, 57, 1855
212, 91, 1855
190, 49, 1855
37, 52, 1855
22, 79, 1855
92, 18, 1855
26, 160, 1855
145, 19, 1855
140, 18, 1855
32, 171, 1855
20, 85, 1855
100, 16, 1855
135, 17, 1855
201, 165, 1855
40, 49, 1855
181, 191, 1855
69, 204, 1855
141, 211, 1855
41, 48, 1855
204, 162, 1855
83, 210, 1855
93, 213, 1855
52, 192, 1855
25, 159, 1855
23, 76, 1855
201, 64, 1855
17, 96, 1855
37, 177, 1855
179, 191, 1855
211, 141, 1855
79, 208, 1855
45, 186, 1855
153, 22, 1855
197, 58, 1855
19, 85, 1855
106, 15, 1855
214, 99, 1855
215, 123, 1855
164, 202, 1855
68, 204, 1855
214, 129, 1855
87, 211, 1855
37, 178, 1855
203, 162, 1855
82, 210, 1855
176, 36, 1855
17, 137, 1855
185, 187, 1855
27, 162, 1855
25, 72, 1855
80, 21, 1855
169, 31, 1855
132, 214, 1855
213, 137, 1855
109, 215, 1855
43, 45, 1855
155, 24, 1855
104, 214, 1855
57, 196, 1855
140, 212, 1855
133, 213, 1855
194, 53, 1855
19, 143, 1855
154, 207, 1855
122, 215, 1855
163, 27, 1855
205, 158, 1855
174, 196, 1855
159, 25, 1855
143, 211, 1855
120, 215, 1855
70, 26, 1855
188, 46, 1855
88, 211, 1855
139, 212, 1855
23, 155, 1855
15, 114, 1855
206, 74, 1855
147, 210, 1855
172, 197, 1855
16, 127, 1855
204, 69, 1855
62, 200, 1855
188, 47, 1855
193, 177, 1855
173, 196, 1855
105, 214, 1855
51, 191, 1855
205, 71, 1855
215, 107, 1855
22, 150, 1855
131, 16, 1855
210, 84, 1855
54, 36, 1855
16, 100, 1855
153, 208, 1855
103, 16, 1855
20, 145, 1855
191, 49, 1855
208, 79, 1855
134, 17, 1855
179, 38, 1855
203, 67, 1855
63, 30, 1855
57, 33, 1855
188, 183, 1855
214, 102, 1855
29, 167, 1855
24, 155, 1855
15, 106, 1855
215, 115, 1855
195, 56, 1855
16, 130, 1855
185, 43, 1855
77, 207, 1855
193, 52, 1855
22, 153, 1855
21, 82, 1855
85, 210, 1855
29, 63, 1855
113, 15, 1855
214, 132, 1855
89, 18, 1855
20, 148, 1855
67, 27, 1855
184, 42, 1855
42, 184, 1855
184, 187, 1855
211, 86, 1855
15, 125, 1855
36, 176, 1855
112, 215, 1855
21, 150, 1855
173, 33, 1855
166, 201, 1855
192, 51, 1855
149, 209, 1855
202, 65, 1855
209, 81, 1855
136, 213, 1855
187, 184, 1855
55, 195, 1855
26, 68, 1855
44, 45, 1855
175, 195, 1855
27, 67, 1855
134, 213, 1855
211, 87, 1855
22, 77, 1855
47, 42, 1855
206, 75, 1855
178, 192, 1855
123, 215, 1855
105, 15, 1855
121, 15, 1855
142, 211, 1855
15, 117, 1855
35, 176, 1855
157, 24, 1855
17, 132, 1855
48, 41, 1855
172, 33, 1855
186, 45, 1855
18, 89, 1855
211, 144, 1855
34, 56, 1855
68, 27, 1855
43, 185, 1855
199, 60, 1855
51, 38, 1855
207, 153, 1855
178, 37, 1855
17, 94, 1855
202, 163, 1855
116, 15, 1855
167, 201, 1855
80, 209, 1855
24, 73, 1855
66, 202, 1855
174, 35, 1855
212, 138, 1855
93, 17, 1855
176, 195, 1855
32, 60, 1855
167, 29, 1855
39, 50, 1855
208, 150, 1855
214, 105, 1855
165, 202, 1855
177, 37, 1855
18, 138, 1855
215, 118, 1855
177, 193, 1855
15, 109, 1855
209, 149, 1855
161, 26, 1855
212, 89, 1855
30, 167, 1855
48, 189, 1855
115, 15, 1855
207, 77, 1855
86, 19, 1855
170, 31, 1855
145, 211, 1855
138, 212, 1855
33, 57, 1855
34, 173, 1855
26, 70, 1855
59, 32, 1855
166, 29, 1855
160, 26, 1855
211, 89, 1855
189, 47, 1855
47, 189, 1855
210, 147, 1855
197, 173, 1855
85, 19, 1855
60, 199, 1855
213, 132, 1855
182, 41, 1855
126, 214, 1855
53, 37, 1855
215, 121, 1855
212, 92, 1855
215, 110, 1855
75, 207, 1855
35, 54, 1855
22, 80, 1855
16, 125, 1855
16, 103, 1855
54, 195, 1855
213, 94, 1855
106, 215, 1855
101, 214, 1855
192, 179, 1855
137, 213, 1855
17, 135, 1855
18, 92, 1855
129, 16, 1855
75, 24, 1855
124, 15, 1855
206, 157, 1855
114, 215, 1855
195, 176, 1855
52, 193, 1855
15, 120, 1855
17, 97, 1855
104, 16, 1855
31, 170, 1855
213, 135, 1855
162, 203, 1855
180, 191, 1855
39, 179, 1855
20, 83, 1855
119, 15, 1855
52, 38, 1855
107, 15, 1855
144, 211, 1855
183, 188, 1855
208, 153, 1855
196, 56, 1855
64, 201, 1855
18, 141, 1855
125, 214, 1855
160, 204, 1855
55, 35, 1855
186, 185, 1855
175, 35, 1855
191, 180, 1855
43, 46, 1855
21, 80, 1855
28, 165, 1855
23, 153, 1855
200, 63, 1855
118, 15, 1855
63, 200, 1855
194, 177, 1855
53, 193, 1855
65, 28, 1855
210, 82, 1855
141, 212, 1855
150, 21, 1855
214, 127, 1855
113, 215, 1855
145, 20, 1855
155, 207, 1855
38, 52, 1855
25, 70, 1855
201, 166, 1855
141, 18, 1855
153, 23, 1855
214, 100, 1855
170, 198, 1855
136, 17, 1855
65, 29, 1855
28, 67, 1855
41, 183, 1855
215, 124, 1855
215, 113, 1855
196, 173, 1855
82, 209, 1855
149, 21, 1855
211, 142, 1855
84, 210, 1855
213, 97, 1855
148, 210, 1855
212, 141, 1855
199, 170, 1855
44, 185, 1855
205, 72, 1855
73, 206, 1855
181, 39, 1855
22, 151, 1855
39, 181, 1855
210, 85, 1855
77, 22, 1855
214, 130, 1855
146, 210, 1855
64, 29, 1855
194, 54, 1855
15, 123, 1855
15, 112, 1855
179, 39, 1855
21, 148, 1855
38, 178, 1855
37, 53, 1855
168, 30, 1855
26, 161, 1855
46, 42, 1855
163, 202, 1855
46, 187, 1855
58, 33, 1855
198, 170, 1855
81, 21, 1855
125, 15, 1855
24, 156, 1855
215, 116, 1855
56, 195, 1855
19, 144, 1855
164, 28, 1855
215, 105, 1855
16, 98, 1855
25, 160, 1855
208, 77, 1855
35, 174, 1855
205, 159, 1855
23, 77, 1855
87, 19, 1855
110, 15, 1855
179, 192, 1855
187, 45, 1855
45, 187, 1855
121, 215, 1855
105, 215, 1855
19, 86, 1855
182, 189, 1855
58, 197, 1855
100, 214, 1855
15, 115, 1855
195, 54, 1855
42, 46, 1855
180, 39, 1855
126, 16, 1855
16, 128, 1855
203, 163, 1855
173, 197, 1855
203, 68, 1855
150, 209, 1855
61, 199, 1855
45, 43, 1855
84, 20, 1855
27, 163, 1855
116, 215, 1855
148, 20, 1855
94, 17, 1855
127, 214, 1855
143, 19, 1855
57, 197, 1855
20, 146, 1855
99, 214, 1855
66, 28, 1855
163, 28, 1855
207, 75, 1855
211, 145, 1855
91, 212, 1855
50, 191, 1855
151, 22, 1855
130, 16, 1855
19, 89, 1855
51, 39, 1855
83, 20, 1855
56, 34, 1855
77, 23, 1855
207, 154, 1855
115, 215, 1855
147, 20, 1855
42, 183, 1855
91, 18, 1855
190, 181, 1855
95, 213, 1855
210, 145, 1855
90, 212, 1855
49, 191, 1855
67, 202, 1855
204, 70, 1855
193, 178, 1855
82, 20, 1855
76, 23, 1855
184, 43, 1855
51, 192, 1855
184, 188, 1855
215, 108, 1855
209, 150, 1855
36, 177, 1855
81, 209, 1855
90, 18, 1855
173, 34, 1855
70, 204, 1855
16, 101, 1855
202, 66, 1855
162, 26, 1855
208, 80, 1855
98, 16, 1855
94, 213, 1855
31, 61, 1855
89, 212, 1855
169, 199, 1855
57, 34, 1855
82, 21, 1855
188, 184, 1855
27, 68, 1855
86, 211, 1855
214, 125, 1855
214, 103, 1855
195, 174, 1855
201, 65, 1855
109, 15, 1855
15, 118, 1855
15, 107, 1855
137, 17, 1855
146, 20, 1855
132, 16, 1855
124, 215, 1855
16, 131, 1855
213, 133, 1855
77, 208, 1855
33, 172, 1855
185, 44, 1855
103, 214, 1855
193, 53, 1855
198, 59, 1855
178, 38, 1855
85, 211, 1855
29, 64, 1855
16, 104, 1855
213, 95, 1855
89, 19, 1855
108, 15, 1855
36, 54, 1855
117, 15, 1855
30, 168, 1855
107, 215, 1855
192, 52, 1855
209, 82, 1855
102, 214, 1855
200, 167, 1855
39, 51, 1855
26, 69, 1855
18, 139, 1855
215, 119, 1855
212, 90, 1855
72, 25, 1855
190, 48, 1855
22, 78, 1855
47, 188, 1855
178, 193, 1855
50, 39, 1855
105, 16, 1855
197, 172, 1855
118, 215, 1855
17, 133, 1855
210, 148, 1855
18, 90, 1855
34, 57, 1855
181, 190, 1855
206, 155, 1855
199, 61, 1855
98, 213, 1855
41, 47, 1855
28, 65, 1855
165, 28, 1855
93, 212, 1855
215, 111, 1855
23, 75, 1855
62, 30, 1855
17, 95, 1855
189, 48, 1855
202, 164, 1855
189, 182, 1855
65, 201, 1855
85, 20, 1855
17, 134, 1855
24, 74, 1855
161, 204, 1855
49, 39, 1855
111, 15, 1855
197, 57, 1855
212, 139, 1855
93, 18, 1855
68, 203, 1855
183, 41, 1855
167, 30, 1855
208, 151, 1855
97, 213, 1855
19, 141, 1855
40, 181, 1855
15, 110, 1855
78, 22, 1855
177, 194, 1855
25, 71, 1855
48, 190, 1855
204, 160, 1855
99, 16, 1855
30, 62, 1855
141, 19, 1855
170, 32, 1855
28, 163, 1855
33, 58, 1855
183, 42, 1855
34, 174, 1855
19, 142, 1855
32, 170, 1855
174, 195, 1855
214, 98, 1855
74, 206, 1855
23, 154, 1855
110, 215, 1855
15, 113, 1855
215, 122, 1855
53, 194, 1855
79, 22, 1855
212, 93, 1855
206, 73, 1855
155, 206, 1855
35, 55, 1855
191, 181, 1855
16, 126, 1855
38, 51, 1855
198, 171, 1855
176, 35, 1855
17, 136, 1855
205, 70, 1855
18, 93, 1855
63, 201, 1855
132, 213, 1855
29, 165, 1855
155, 23, 1855
210, 83, 1855
150, 22, 1855
54, 35, 1855
214, 128, 1855
153, 207, 1855
15, 121, 1855
144, 19, 1855
17, 98, 1855
139, 18, 1855
158, 25, 1855
213, 136, 1855
187, 46, 1855
88, 19, 1855
80, 22, 1855
29, 166, 1855
39, 180, 1855
20, 84, 1855
44, 186, 1855
182, 190, 1855
40, 48, 1855
96, 17, 1855
129, 214, 1855
154, 23, 1855
171, 198, 1855
196, 174, 1855
114, 15, 1855
215, 114, 1855
183, 189, 1855
213, 98, 1855
25, 158, 1855
125, 215, 1855
160, 205, 1855
78, 208, 1855
38, 179, 1855
73, 24, 1855
186, 186, 1855
181, 40, 1855
21, 81, 1855
46, 43, 1855
95, 17, 1855
102, 16, 1855
128, 214, 1855
211, 85, 1855
21, 149, 1855
208, 78, 1855
205, 160, 1855
108, 215, 1855
44, 44, 1855
63, 29, 1855
185, 186, 1855
201, 167, 1855
56, 196, 1855
214, 101, 1855
170, 199, 1855
16, 99, 1855
101, 16, 1855
15, 105, 1855
215, 125, 1855
35, 175, 1855
48, 40, 1855
74, 24, 1855
211, 143, 1855
191, 50, 1855
16, 129, 1855
150, 208, 1855
43, 184, 1855
72, 205, 1855
19, 87, 1855
195, 55, 1855
22, 152, 1855
42, 47, 1855
214, 131, 1855
167, 200, 1855
98, 17, 1855
174, 34, 1855
135, 213, 1855
15, 124, 1855
45, 44, 1855
32, 59, 1855
19, 88, 1855
122, 15, 1855
209, 80, 1855
26, 162, 1855
204, 68, 1855
214, 104, 1855
163, 203, 1855
46, 188, 1855
157, 206, 1855
125, 16, 1855
24, 157, 1855
117, 215, 1855
60, 32, 1855
18, 137, 1855
215, 117, 1855
120, 15, 1855
19, 145, 1855
209, 148, 1855
177, 36, 1855
215, 106, 1855
156, 24, 1855
207, 76, 1855
67, 28, 1855
47, 41, 1855
97, 17, 1855
49, 190, 1855
186, 44, 1855
152, 22, 1855
56, 35, 1855
187, 185, 1855
156, 206, 1855
71, 205, 1855
201, 63, 1855
160, 25, 1855
211, 88, 1855
76, 207, 1855
15, 116, 1855
17, 93, 1855
60, 31, 1855
67, 203, 1855
31, 60, 1855
89, 211, 1855
96, 213, 1855
131, 214, 1855
176, 194, 1855
215, 109, 1855
148, 21, 1855
75, 206, 1855
