15, 115, 690
15, 115, 1593
15, 115, 1364
15, 115, 281
15, 115, 52
15, 115, 955
15, 115, 546
15, 115, 317
15, 115, 1449
15, 115, 1220
15, 115, 811
15, 115, 1714
15, 115, 1485
15, 115, 402
15, 115, 173
15, 115, 1076
15, 115, 1750
15, 115, 667
15, 115, 438
15, 115, 1341
15, 115, 29
15, 115, 932
15, 115, 703
15, 115, 1835
15, 115, 1606
15, 115, 294
15, 115, 1197
15, 115, 788
15, 115, 559
15, 115, 1462
15, 115, 150
15, 115, 1053
15, 115, 824
15, 115, 1727
15, 115, 415
15, 115, 1318
15, 115, 680
15, 115, 1583
15, 115, 271
15, 115, 1174
15, 115, 945
15, 115, 1848
15, 115, 536
15, 115, 1439
15, 115, 1210
15, 115, 127
15, 115, 801
15, 115, 1704
15, 115, 392
15, 115, 163
15, 115, 1295
15, 115, 1066
15, 115, 657
15, 115, 1560
15, 115, 1331
15, 115, 248
15, 115, 19
15, 115, 922
15, 115, 1825
15, 115, 1596
15, 115, 513
15, 115, 284
15, 115, 1187
15, 115, 778
15, 115, 549
15, 115, 1681
15, 115, 1452
15, 115, 140
15, 115, 1043
15, 115, 1717
15, 115, 634
15, 115, 405
15, 115, 1308
15, 115, 899
15, 115, 670
15, 115, 1573
15, 115, 261
15, 115, 1164
15, 115, 1838
15, 115, 755
15, 115, 526
15, 115, 1429
15, 115, 117
15, 115, 1020
15, 115, 791
15, 115, 1694
15, 115, 382
15, 115, 1285
15, 115, 1056
15, 115, 647
15, 115, 1550
15, 115, 238
15, 115, 1141
15, 115, 912
15, 115, 1815
15, 115, 503
15, 115, 1406
15, 115, 1177
15, 115, 94
15, 115, 768
15, 115, 1671
15, 115, 1442
15, 115, 359
15, 115, 130
15, 115, 1033
15, 115, 624
15, 115, 1527
15, 115, 1298
15, 115, 215
15, 115, 889
15, 115, 1792
15, 115, 1563
15, 115, 480
15, 115, 251
15, 115, 1154
15, 115, 1828
15, 115, 745
15, 115, 516
15, 115, 1419
15, 115, 107
15, 115, 1010
15, 115, 1684
15, 115, 601
15, 115, 372
15, 115, 1275
15, 115, 866
15, 115, 637
15, 115, 1540
15, 115, 228
15, 115, 1131
15, 115, 902
15, 115, 1805
15, 115, 493
15, 115, 1396
15, 115, 84
15, 115, 987
15, 115, 758
15, 115, 1661
15, 115, 349
15, 115, 1252
15, 115, 1023
15, 115, 614
15, 115, 1517
15, 115, 1288
15, 115, 205
15, 115, 879
15, 115, 1782
15, 115, 470
15, 115, 1373
15, 115, 1144
15, 115, 61
15, 115, 735
15, 115, 1638
15, 115, 1409
15, 115, 326
15, 115, 97
15, 115, 1000
15, 115, 591
15, 115, 362
15, 115, 1494
15, 115, 1265
15, 115, 856
15, 115, 1759
15, 115, 1530
15, 115, 447
15, 115, 218
15, 115, 1121
15, 115, 1795
15, 115, 712
15, 115, 483
15, 115, 1386
15, 115, 74
15, 115, 977
15, 115, 748
15, 115, 1651
15, 115, 339
15, 115, 1242
15, 115, 833
15, 115, 604
15, 115, 1507
15, 115, 195
15, 115, 1098
15, 115, 869
15, 115, 1772
15, 115, 460
15, 115, 1363
15, 115, 51
15, 115, 954
15, 115, 725
15, 115, 1628
15, 115, 316
15, 115, 1219
15, 115, 990
15, 115, 581
15, 115, 1484
15, 115, 1255
15, 115, 172
15, 115, 846
15, 115, 1749
15, 115, 437
15, 115, 208
15, 115, 1340
15, 115, 1111
15, 115, 702
15, 115, 1605
15, 115, 1376
15, 115, 293
15, 115, 64
15, 115, 967
15, 115, 1641
15, 115, 558
15, 115, 329
15, 115, 1232
15, 115, 823
15, 115, 594
15, 115, 1726
15, 115, 1497
15, 115, 185
15, 115, 1088
15, 115, 1762
15, 115, 679
15, 115, 450
15, 115, 1353
15, 115, 41
15, 115, 944
15, 115, 715
15, 115, 1618
15, 115, 306
15, 115, 1209
15, 115, 800
15, 115, 571
15, 115, 1474
15, 115, 162
15, 115, 1065
15, 115, 836
15, 115, 1739
15, 115, 427
15, 115, 1330
15, 115, 1101
15, 115, 18
15, 115, 692
15, 115, 1595
15, 115, 283
15, 115, 54
15, 115, 1186
15, 115, 957
15, 115, 548
15, 115, 1451
15, 115, 1222
15, 115, 139
15, 115, 813
15, 115, 1716
15, 115, 1487
15, 115, 404
15, 115, 175
15, 115, 1078
15, 115, 669
15, 115, 1572
15, 115, 1343
15, 115, 260
15, 115, 31
15, 115, 934
15, 115, 1837
15, 115, 1608
15, 115, 525
15, 115, 296
15, 115, 1199
15, 115, 790
15, 115, 561
15, 115, 1464
15, 115, 152
15, 115, 1055
15, 115, 1729
15, 115, 646
15, 115, 417
15, 115, 1320
15, 115, 911
15, 115, 682
15, 115, 1585
15, 115, 273
15, 115, 1176
15, 115, 947
15, 115, 1850
15, 115, 538
15, 115, 1441
15, 115, 129
15, 115, 1032
15, 115, 803
15, 115, 1706
15, 115, 394
15, 115, 1297
15, 115, 1068
15, 115, 659
15, 115, 1562
15, 115, 1333
15, 115, 250
15, 115, 21
15, 115, 924
15, 115, 1827
15, 115, 515
15, 115, 1418
15, 115, 1189
15, 115, 106
15, 115, 780
15, 115, 1683
15, 115, 1454
15, 115, 371
15, 115, 142
15, 115, 1045
15, 115, 636
15, 115, 407
15, 115, 1539
15, 115, 1310
15, 115, 901
15, 115, 1804
15, 115, 1575
15, 115, 492
15, 115, 263
15, 115, 1166
15, 115, 1840
15, 115, 757
15, 115, 528
15, 115, 1431
15, 115, 119
15, 115, 1022
15, 115, 793
15, 115, 1696
15, 115, 384
15, 115, 1287
15, 115, 878
15, 115, 649
15, 115, 1552
15, 115, 240
15, 115, 1143
15, 115, 914
15, 115, 1817
15, 115, 505
15, 115, 1408
15, 115, 96
15, 115, 999
15, 115, 770
15, 115, 1673
15, 115, 361
15, 115, 1264
15, 115, 1035
15, 115, 626
15, 115, 1529
15, 115, 1300
15, 115, 217
15, 115, 891
15, 115, 1794
15, 115, 482
15, 115, 253
15, 115, 1385
15, 115, 1156
15, 115, 747
15, 115, 1650
15, 115, 1421
15, 115, 338
15, 115, 109
15, 115, 1012
15, 115, 1686
15, 115, 603
15, 115, 374
15, 115, 1277
15, 115, 868
15, 115, 639
15, 115, 1771
15, 115, 1542
15, 115, 230
15, 115, 1133
15, 115, 1807
15, 115, 724
15, 115, 495
15, 115, 1398
15, 115, 86
15, 115, 989
15, 115, 760
15, 115, 1663
15, 115, 351
15, 115, 1254
15, 115, 845
15, 115, 616
15, 115, 1519
15, 115, 207
15, 115, 1110
15, 115, 881
15, 115, 1784
15, 115, 472
15, 115, 1375
15, 115, 1146
15, 115, 63
15, 115, 737
15, 115, 1640
15, 115, 328
15, 115, 99
15, 115, 1231
15, 115, 1002
15, 115, 593
15, 115, 1496
15, 115, 1267
15, 115, 184
15, 115, 858
15, 115, 1761
15, 115, 1532
15, 115, 449
15, 115, 220
15, 115, 1123
15, 115, 714
15, 115, 1617
15, 115, 1388
15, 115, 305
15, 115, 76
15, 115, 979
15, 115, 1653
15, 115, 570
15, 115, 341
15, 115, 1244
15, 115, 835
15, 115, 606
15, 115, 1509
15, 115, 197
15, 115, 1100
15, 115, 1774
15, 115, 691
15, 115, 462
15, 115, 1365
15, 115, 53
15, 115, 956
15, 115, 727
15, 115, 1630
15, 115, 318
15, 115, 1221
15, 115, 992
15, 115, 583
15, 115, 1486
15, 115, 174
15, 115, 1077
15, 115, 848
15, 115, 1751
15, 115, 439
15, 115, 1342
15, 115, 1113
15, 115, 30
15, 115, 704
15, 115, 1607
15, 115, 1378
15, 115, 295
15, 115, 66
15, 115, 969
15, 115, 560
15, 115, 1463
15, 115, 1234
15, 115, 151
15, 115, 825
15, 115, 1728
15, 115, 1499
15, 115, 416
15, 115, 187
15, 115, 1090
15, 115, 681
15, 115, 452
15, 115, 1584
15, 115, 1355
15, 115, 43
15, 115, 946
15, 115, 1849
15, 115, 1620
15, 115, 537
15, 115, 308
15, 115, 1211
15, 115, 802
15, 115, 573
15, 115, 1476
15, 115, 164
15, 115, 1067
15, 115, 838
15, 115, 1741
15, 115, 429
15, 115, 1332
15, 115, 20
15, 115, 923
15, 115, 694
15, 115, 1597
15, 115, 285
15, 115, 1188
15, 115, 959
15, 115, 550
15, 115, 1453
15, 115, 141
15, 115, 1044
15, 115, 815
15, 115, 1718
15, 115, 406
15, 115, 1309
15, 115, 1080
15, 115, 671
15, 115, 1574
15, 115, 1345
15, 115, 262
15, 115, 33
15, 115, 936
15, 115, 1839
15, 115, 527
15, 115, 298
15, 115, 1430
15, 115, 1201
15, 115, 792
15, 115, 1695
15, 115, 1466
15, 115, 383
15, 115, 154
15, 115, 1057
15, 115, 1731
15, 115, 648
15, 115, 419
15, 115, 1322
15, 115, 913
15, 115, 684
15, 115, 1816
15, 115, 1587
15, 115, 275
15, 115, 1178
15, 115, 1852
15, 115, 769
15, 115, 540
15, 115, 1443
15, 115, 131
15, 115, 1034
15, 115, 805
15, 115, 1708
15, 115, 396
15, 115, 1299
15, 115, 890
15, 115, 661
15, 115, 1564
15, 115, 252
15, 115, 1155
15, 115, 926
15, 115, 1829
15, 115, 517
15, 115, 1420
15, 115, 1191
15, 115, 108
15, 115, 782
15, 115, 1685
15, 115, 373
15, 115, 144
15, 115, 1276
15, 115, 1047
15, 115, 638
15, 115, 1541
15, 115, 1312
15, 115, 229
15, 115, 903
15, 115, 1806
15, 115, 1577
15, 115, 494
15, 115, 265
15, 115, 1168
15, 115, 759
15, 115, 1662
15, 115, 1433
15, 115, 350
15, 115, 121
15, 115, 1024
15, 115, 1698
15, 115, 615
15, 115, 386
15, 115, 1289
15, 115, 880
15, 115, 651
15, 115, 1554
15, 115, 242
15, 115, 1145
15, 115, 1819
15, 115, 736
15, 115, 507
15, 115, 1410
15, 115, 98
15, 115, 1001
15, 115, 772
15, 115, 1675
15, 115, 363
15, 115, 1266
15, 115, 1037
15, 115, 628
15, 115, 1531
15, 115, 219
15, 115, 1122
15, 115, 893
15, 115, 1796
15, 115, 484
15, 115, 1387
15, 115, 1158
15, 115, 75
15, 115, 749
15, 115, 1652
15, 115, 1423
15, 115, 340
15, 115, 111
15, 115, 1014
15, 115, 605
15, 115, 1508
15, 115, 1279
15, 115, 196
15, 115, 870
15, 115, 1773
15, 115, 1544
15, 115, 461
15, 115, 232
15, 115, 1135
15, 115, 726
15, 115, 497
15, 115, 1629
15, 115, 1400
15, 115, 88
15, 115, 991
15, 115, 1665
15, 115, 582
15, 115, 353
15, 115, 1256
15, 115, 847
15, 115, 618
15, 115, 1521
15, 115, 209
15, 115, 1112
15, 115, 883
15, 115, 1786
15, 115, 474
15, 115, 1377
15, 115, 65
15, 115, 968
15, 115, 739
15, 115, 1642
15, 115, 330
15, 115, 1233
15, 115, 1004
15, 115, 595
15, 115, 1498
15, 115, 186
15, 115, 1089
15, 115, 860
15, 115, 1763
15, 115, 451
15, 115, 1354
15, 115, 1125
15, 115, 42
15, 115, 716
15, 115, 1619
15, 115, 1390
15, 115, 307
15, 115, 78
15, 115, 981
15, 115, 572
15, 115, 343
15, 115, 1475
15, 115, 1246
15, 115, 837
15, 115, 1740
15, 115, 1511
15, 115, 428
15, 115, 199
15, 115, 1102
15, 115, 1776
15, 115, 693
15, 115, 464
15, 115, 1367
15, 115, 55
15, 115, 958
15, 115, 729
15, 115, 1632
15, 115, 320
15, 115, 1223
15, 115, 814
15, 115, 585
15, 115, 1488
15, 115, 176
15, 115, 1079
15, 115, 850
15, 115, 1753
15, 115, 441
15, 115, 1344
15, 115, 32
15, 115, 935
15, 115, 706
15, 115, 1609
15, 115, 297
15, 115, 1200
15, 115, 971
15, 115, 562
15, 115, 1465
15, 115, 1236
15, 115, 153
15, 115, 827
15, 115, 1730
15, 115, 418
15, 115, 189
15, 115, 1321
15, 115, 1092
15, 115, 683
15, 115, 1586
15, 115, 1357
15, 115, 274
15, 115, 45
15, 115, 948
15, 115, 1851
15, 115, 1622
15, 115, 539
15, 115, 310
15, 115, 1213
15, 115, 804
15, 115, 1707
15, 115, 1478
15, 115, 395
15, 115, 166
15, 115, 1069
15, 115, 1743
15, 115, 660
15, 115, 431
15, 115, 1334
15, 115, 22
15, 115, 925
15, 115, 696
15, 115, 1599
15, 115, 287
15, 115, 1190
15, 115, 781
15, 115, 552
15, 115, 1455
15, 115, 143
15, 115, 1046
15, 115, 817
15, 115, 1720
15, 115, 408
15, 115, 1311
15, 115, 1082
15, 115, 673
15, 115, 1576
15, 115, 264
15, 115, 1167
15, 115, 938
15, 115, 1841
15, 115, 529
15, 115, 1432
15, 115, 1203
15, 115, 120
15, 115, 794
15, 115, 1697
15, 115, 1468
15, 115, 385
15, 115, 156
15, 115, 1059
15, 115, 650
15, 115, 1553
15, 115, 1324
15, 115, 241
15, 115, 915
15, 115, 1818
15, 115, 1589
15, 115, 506
15, 115, 277
15, 115, 1180
15, 115, 771
15, 115, 542
15, 115, 1674
15, 115, 1445
15, 115, 133
15, 115, 1036
15, 115, 1710
15, 115, 627
15, 115, 398
15, 115, 1301
15, 115, 892
15, 115, 663
15, 115, 1566
15, 115, 254
15, 115, 1157
15, 115, 928
15, 115, 1831
15, 115, 519
15, 115, 1422
15, 115, 110
15, 115, 1013
15, 115, 784
15, 115, 1687
15, 115, 375
15, 115, 1278
15, 115, 1049
15, 115, 640
15, 115, 1543
15, 115, 231
15, 115, 1134
15, 115, 905
15, 115, 1808
15, 115, 496
15, 115, 1399
15, 115, 1170
15, 115, 87
15, 115, 761
15, 115, 1664
15, 115, 1435
15, 115, 352
15, 115, 123
15, 115, 1026
15, 115, 617
15, 115, 388
15, 115, 1520
15, 115, 1291
15, 115, 882
15, 115, 1785
15, 115, 1556
15, 115, 473
15, 115, 244
15, 115, 1147
15, 115, 1821
15, 115, 738
15, 115, 509
15, 115, 1412
15, 115, 100
15, 115, 1003
15, 115, 774
15, 115, 1677
15, 115, 365
15, 115, 1268
15, 115, 859
15, 115, 630
15, 115, 1533
15, 115, 221
15, 115, 1124
15, 115, 895
15, 115, 1798
15, 115, 486
15, 115, 1389
15, 115, 77
15, 115, 980
15, 115, 751
15, 115, 1654
15, 115, 342
15, 115, 1245
15, 115, 1016
15, 115, 607
15, 115, 1510
15, 115, 1281
15, 115, 198
15, 115, 872
15, 115, 1775
15, 115, 463
15, 115, 234
15, 115, 1366
15, 115, 1137
15, 115, 728
15, 115, 1631
15, 115, 1402
15, 115, 319
15, 115, 90
15, 115, 993
15, 115, 1667
15, 115, 584
15, 115, 355
15, 115, 1258
15, 115, 849
15, 115, 1752
15, 115, 1523
15, 115, 440
15, 115, 211
15, 115, 1114
15, 115, 1788
15, 115, 705
15, 115, 476
15, 115, 1379
15, 115, 67
15, 115, 970
15, 115, 741
15, 115, 1644
15, 115, 332
15, 115, 1235
15, 115, 826
15, 115, 597
15, 115, 1500
15, 115, 188
15, 115, 1091
15, 115, 862
15, 115, 1765
15, 115, 453
15, 115, 1356
15, 115, 1127
15, 115, 44
15, 115, 718
15, 115, 1621
15, 115, 309
15, 115, 1212
15, 115, 983
15, 115, 574
15, 115, 1477
15, 115, 1248
15, 115, 165
15, 115, 839
15, 115, 1742
15, 115, 1513
15, 115, 430
15, 115, 201
15, 115, 1104
15, 115, 695
15, 115, 1598
15, 115, 1369
15, 115, 286
15, 115, 57
15, 115, 960
15, 115, 1634
15, 115, 551
15, 115, 322
15, 115, 1225
15, 115, 816
15, 115, 587
15, 115, 1719
15, 115, 1490
15, 115, 178
15, 115, 1081
15, 115, 1755
15, 115, 672
15, 115, 443
15, 115, 1346
15, 115, 34
15, 115, 937
15, 115, 708
15, 115, 1611
15, 115, 299
15, 115, 1202
15, 115, 973
15, 115, 564
15, 115, 1467
15, 115, 155
15, 115, 1058
15, 115, 829
15, 115, 1732
15, 115, 420
15, 115, 1323
15, 115, 1094
15, 115, 685
15, 115, 1588
15, 115, 276
15, 115, 47
15, 115, 1179
15, 115, 950
15, 115, 1853
15, 115, 541
15, 115, 1444
15, 115, 1215
15, 115, 132
15, 115, 806
15, 115, 1709
15, 115, 1480
15, 115, 397
15, 115, 168
15, 115, 1071
15, 115, 662
15, 115, 433
15, 115, 1565
15, 115, 1336
15, 115, 24
15, 115, 927
15, 115, 1830
15, 115, 1601
15, 115, 518
15, 115, 289
15, 115, 1192
15, 115, 783
15, 115, 554
15, 115, 1457
15, 115, 145
15, 115, 1048
15, 115, 819
15, 115, 1722
15, 115, 410
15, 115, 1313
15, 115, 904
15, 115, 675
15, 115, 1578
15, 115, 266
15, 115, 1169
15, 115, 940
15, 115, 1843
15, 115, 531
15, 115, 1434
15, 115, 122
15, 115, 1025
15, 115, 796
15, 115, 1699
15, 115, 387
15, 115, 1290
15, 115, 1061
15, 115, 652
15, 115, 1555
15, 115, 1326
15, 115, 243
15, 115, 917
15, 115, 1820
15, 115, 508
15, 115, 279
15, 115, 1411
15, 115, 1182
15, 115, 773
15, 115, 1676
15, 115, 1447
15, 115, 364
15, 115, 135
15, 115, 1038
15, 115, 1712
15, 115, 629
15, 115, 400
15, 115, 1303
15, 115, 894
15, 115, 1797
15, 115, 1568
15, 115, 485
15, 115, 256
15, 115, 1159
15, 115, 1833
15, 115, 750
15, 115, 521
15, 115, 1424
15, 115, 112
15, 115, 1015
15, 115, 786
15, 115, 1689
15, 115, 377
15, 115, 1280
15, 115, 871
15, 115, 642
15, 115, 1545
15, 115, 233
15, 115, 1136
15, 115, 907
15, 115, 1810
15, 115, 498
15, 115, 1401
15, 115, 1172
15, 115, 89
15, 115, 763
15, 115, 1666
15, 115, 354
15, 115, 1257
15, 115, 1028
15, 115, 619
15, 115, 1522
15, 115, 1293
15, 115, 210
15, 115, 884
15, 115, 1787
15, 115, 1558
15, 115, 475
15, 115, 246
15, 115, 1149
15, 115, 740
15, 115, 1643
15, 115, 1414
15, 115, 331
15, 115, 102
15, 115, 1005
15, 115, 1679
15, 115, 596
15, 115, 367
15, 115, 1270
15, 115, 861
15, 115, 632
15, 115, 1764
15, 115, 1535
15, 115, 223
15, 115, 1126
15, 115, 1800
15, 115, 717
15, 115, 488
15, 115, 1391
15, 115, 79
15, 115, 982
15, 115, 753
15, 115, 1656
15, 115, 344
15, 115, 1247
15, 115, 1018
15, 115, 609
15, 115, 1512
15, 115, 200
15, 115, 1103
15, 115, 874
15, 115, 1777
15, 115, 465
15, 115, 1368
15, 115, 1139
15, 115, 56
15, 115, 730
15, 115, 1633
15, 115, 321
15, 115, 92
15, 115, 1224
15, 115, 995
15, 115, 586
15, 115, 1489
15, 115, 1260
15, 115, 177
15, 115, 851
15, 115, 1754
15, 115, 1525
15, 115, 442
15, 115, 213
15, 115, 1116
15, 115, 707
15, 115, 478
15, 115, 1610
15, 115, 1381
15, 115, 69
15, 115, 972
15, 115, 1646
15, 115, 563
15, 115, 334
15, 115, 1237
15, 115, 828
15, 115, 599
15, 115, 1502
15, 115, 190
15, 115, 1093
15, 115, 864
15, 115, 1767
15, 115, 455
15, 115, 1358
15, 115, 46
15, 115, 949
15, 115, 720
15, 115, 1623
15, 115, 311
15, 115, 1214
15, 115, 985
15, 115, 576
15, 115, 1479
15, 115, 167
15, 115, 1070
15, 115, 841
15, 115, 1744
15, 115, 432
15, 115, 1335
15, 115, 1106
15, 115, 23
15, 115, 697
15, 115, 1600
15, 115, 1371
15, 115, 288
15, 115, 59
15, 115, 962
15, 115, 553
15, 115, 324
15, 115, 1456
15, 115, 1227
15, 115, 818
15, 115, 1721
15, 115, 1492
15, 115, 409
15, 115, 180
15, 115, 1083
15, 115, 1757
15, 115, 674
15, 115, 445
15, 115, 1348
15, 115, 36
15, 115, 939
15, 115, 1842
15, 115, 1613
15, 115, 530
15, 115, 301
15, 115, 1204
15, 115, 795
15, 115, 566
15, 115, 1469
15, 115, 157
15, 115, 1060
15, 115, 831
15, 115, 1734
15, 115, 422
15, 115, 1325
15, 115, 916
15, 115, 687
15, 115, 1590
15, 115, 278
15, 115, 1181
15, 115, 952
15, 115, 1855
15, 115, 543
15, 115, 1446
15, 115, 1217
15, 115, 134
15, 115, 808
15, 115, 1711
15, 115, 399
15, 115, 1302
15, 115, 1073
15, 115, 664
15, 115, 1567
15, 115, 1338
15, 115, 255
15, 115, 26
15, 115, 929
15, 115, 1832
15, 115, 1603
15, 115, 520
15, 115, 291
15, 115, 1194
15, 115, 785
15, 115, 1688
15, 115, 1459
15, 115, 376
15, 115, 147
15, 115, 1050
15, 115, 1724
15, 115, 641
15, 115, 412
15, 115, 1315
15, 115, 906
15, 115, 677
15, 115, 1809
15, 115, 1580
15, 115, 268
15, 115, 1171
15, 115, 1845
15, 115, 762
15, 115, 533
15, 115, 1436
15, 115, 124
15, 115, 1027
15, 115, 798
15, 115, 1701
15, 115, 389
15, 115, 1292
15, 115, 1063
15, 115, 654
15, 115, 1557
15, 115, 245
15, 115, 1148
15, 115, 919
15, 115, 1822
15, 115, 510
15, 115, 1413
15, 115, 1184
15, 115, 101
15, 115, 775
15, 115, 1678
15, 115, 366
15, 115, 137
15, 115, 1269
15, 115, 1040
15, 115, 631
15, 115, 1534
15, 115, 1305
15, 115, 222
15, 115, 896
15, 115, 1799
15, 115, 1570
15, 115, 487
15, 115, 258
15, 115, 1161
15, 115, 752
15, 115, 523
15, 115, 1655
15, 115, 1426
15, 115, 114
15, 115, 1017
15, 115, 1691
15, 115, 608
15, 115, 379
15, 115, 1282
15, 115, 873
15, 115, 644
15, 115, 1547
15, 115, 235
15, 115, 1138
15, 115, 909
15, 115, 1812
15, 115, 500
15, 115, 1403
15, 115, 91
15, 115, 994
15, 115, 765
15, 115, 1668
15, 115, 356
15, 115, 1259
15, 115, 1030
15, 115, 621
15, 115, 1524
15, 115, 212
15, 115, 1115
15, 115, 886
15, 115, 1789
15, 115, 477
15, 115, 1380
15, 115, 1151
15, 115, 68
15, 115, 742
15, 115, 1645
15, 115, 1416
15, 115, 333
15, 115, 104
15, 115, 1007
15, 115, 598
15, 115, 369
15, 115, 1501
15, 115, 1272
15, 115, 863
15, 115, 1766
15, 115, 1537
15, 115, 454
15, 115, 225
15, 115, 1128
15, 115, 1802
15, 115, 719
15, 115, 490
15, 115, 1393
15, 115, 81
15, 115, 984
15, 115, 1658
15, 115, 575
15, 115, 346
15, 115, 1249
15, 115, 840
15, 115, 611
15, 115, 1514
15, 115, 202
15, 115, 1105
15, 115, 876
15, 115, 1779
15, 115, 467
15, 115, 1370
15, 115, 58
15, 115, 961
15, 115, 732
15, 115, 1635
15, 115, 323
15, 115, 1226
15, 115, 997
15, 115, 588
15, 115, 1491
15, 115, 1262
15, 115, 179
15, 115, 853
15, 115, 1756
15, 115, 444
15, 115, 1347
15, 115, 1118
15, 115, 35
15, 115, 709
15, 115, 1612
15, 115, 1383
15, 115, 300
15, 115, 71
15, 115, 974
15, 115, 1648
15, 115, 565
15, 115, 336
15, 115, 1239
15, 115, 830
15, 115, 1733
15, 115, 1504
15, 115, 421
15, 115, 192
15, 115, 1095
15, 115, 1769
15, 115, 686
15, 115, 457
15, 115, 1360
15, 115, 48
15, 115, 951
15, 115, 722
15, 115, 1854
15, 115, 1625
15, 115, 313
15, 115, 1216
15, 115, 807
15, 115, 578
15, 115, 1481
15, 115, 169
15, 115, 1072
15, 115, 843
15, 115, 1746
15, 115, 434
15, 115, 1337
15, 115, 1108
15, 115, 25
15, 115, 699
15, 115, 1602
15, 115, 290
15, 115, 1193
15, 115, 964
15, 115, 555
15, 115, 1458
15, 115, 1229
15, 115, 146
15, 115, 820
15, 115, 1723
15, 115, 411
15, 115, 182
15, 115, 1314
15, 115, 1085
15, 115, 676
15, 115, 1579
15, 115, 1350
15, 115, 267
15, 115, 38
15, 115, 941
15, 115, 1844
15, 115, 1615
15, 115, 532
15, 115, 303
15, 115, 1206
15, 115, 797
15, 115, 568
15, 115, 1700
15, 115, 1471
15, 115, 159
15, 115, 1062
15, 115, 1736
15, 115, 653
15, 115, 424
15, 115, 1327
15, 115, 15
15, 115, 918
15, 115, 689
15, 115, 1592
15, 115, 280
15, 115, 1183
15, 115, 545
15, 115, 1448
15, 115, 136
15, 115, 1039
15, 115, 810
15, 115, 1713
15, 115, 401
15, 115, 1304
15, 115, 1075
15, 115, 666
15, 115, 1569
15, 115, 257
15, 115, 28
15, 115, 1160
15, 115, 931
15, 115, 1834
15, 115, 522
15, 115, 1425
15, 115, 1196
15, 115, 113
15, 115, 787
15, 115, 1690
15, 115, 1461
15, 115, 378
15, 115, 149
15, 115, 1052
15, 115, 643
15, 115, 414
15, 115, 1546
15, 115, 1317
15, 115, 908
15, 115, 1811
15, 115, 1582
15, 115, 499
15, 115, 270
15, 115, 1173
15, 115, 1847
15, 115, 764
15, 115, 535
15, 115, 1438
15, 115, 126
15, 115, 1029
15, 115, 1703
15, 115, 620
15, 115, 391
15, 115, 1294
15, 115, 885
15, 115, 656
15, 115, 1559
15, 115, 247
15, 115, 1150
15, 115, 921
15, 115, 1824
15, 115, 512
15, 115, 1415
15, 115, 103
15, 115, 1006
15, 115, 777
15, 115, 1680
15, 115, 368
15, 115, 1271
15, 115, 1042
15, 115, 633
15, 115, 1536
15, 115, 1307
15, 115, 224
15, 115, 898
15, 115, 1801
15, 115, 489
15, 115, 1392
15, 115, 1163
15, 115, 80
15, 115, 754
15, 115, 1657
15, 115, 1428
15, 115, 345
15, 115, 116
15, 115, 1019
15, 115, 1693
15, 115, 610
15, 115, 381
15, 115, 1284
15, 115, 875
15, 115, 1778
15, 115, 1549
15, 115, 466
15, 115, 237
15, 115, 1140
15, 115, 1814
15, 115, 731
15, 115, 502
15, 115, 1405
15, 115, 93
15, 115, 996
15, 115, 767
15, 115, 1670
15, 115, 358
15, 115, 1261
15, 115, 852
15, 115, 623
15, 115, 1526
15, 115, 214
15, 115, 1117
15, 115, 888
15, 115, 1791
15, 115, 479
15, 115, 1382
15, 115, 1153
15, 115, 70
15, 115, 744
15, 115, 1647
15, 115, 335
15, 115, 1238
15, 115, 1009
15, 115, 600
15, 115, 1503
15, 115, 1274
15, 115, 191
15, 115, 865
15, 115, 1768
15, 115, 456
15, 115, 227
15, 115, 1359
15, 115, 1130
15, 115, 721
15, 115, 1624
15, 115, 1395
15, 115, 312
15, 115, 83
15, 115, 986
15, 115, 1660
15, 115, 577
15, 115, 348
15, 115, 1251
15, 115, 842
15, 115, 613
15, 115, 1745
15, 115, 1516
15, 115, 204
15, 115, 1107
15, 115, 1781
15, 115, 698
15, 115, 469
15, 115, 1372
15, 115, 60
15, 115, 963
15, 115, 734
15, 115, 1637
15, 115, 325
15, 115, 1228
15, 115, 590
15, 115, 1493
15, 115, 181
15, 115, 1084
15, 115, 855
15, 115, 1758
15, 115, 446
15, 115, 1349
15, 115, 1120
15, 115, 37
15, 115, 711
15, 115, 1614
15, 115, 302
15, 115, 73
15, 115, 1205
15, 115, 976
15, 115, 567
15, 115, 1470
15, 115, 1241
15, 115, 158
15, 115, 832
15, 115, 1735
15, 115, 1506
15, 115, 423
15, 115, 194
15, 115, 1097
15, 115, 688
15, 115, 459
15, 115, 1591
15, 115, 1362
15, 115, 50
15, 115, 953
15, 115, 1627
15, 115, 544
15, 115, 315
15, 115, 1218
15, 115, 809
15, 115, 580
15, 115, 1483
15, 115, 171
15, 115, 1074
15, 115, 1748
15, 115, 665
15, 115, 436
15, 115, 1339
15, 115, 27
15, 115, 930
15, 115, 701
15, 115, 1604
15, 115, 292
15, 115, 1195
15, 115, 966
15, 115, 557
15, 115, 1460
15, 115, 148
15, 115, 1051
15, 115, 822
15, 115, 1725
15, 115, 413
15, 115, 1316
15, 115, 1087
15, 115, 678
15, 115, 1581
15, 115, 1352
15, 115, 269
15, 115, 40
15, 115, 943
15, 115, 1846
15, 115, 534
15, 115, 1437
15, 115, 1208
15, 115, 125
15, 115, 799
15, 115, 1702
15, 115, 1473
15, 115, 390
15, 115, 161
15, 115, 1064
15, 115, 1738
15, 115, 655
15, 115, 426
15, 115, 1329
15, 115, 17
15, 115, 920
15, 115, 1823
15, 115, 1594
15, 115, 511
15, 115, 282
15, 115, 1185
15, 115, 776
15, 115, 547
15, 115, 1450
15, 115, 138
15, 115, 1041
15, 115, 812
15, 115, 1715
15, 115, 403
15, 115, 1306
15, 115, 897
15, 115, 668
15, 115, 1571
15, 115, 259
15, 115, 1162
15, 115, 933
15, 115, 1836
15, 115, 524
15, 115, 1427
15, 115, 1198
15, 115, 115
15, 115, 789
15, 115, 1692
15, 115, 380
15, 115, 1283
15, 115, 1054
15, 115, 645
15, 115, 1548
15, 115, 1319
15, 115, 236
15, 115, 910
15, 115, 1813
15, 115, 501
15, 115, 272
15, 115, 1404
15, 115, 1175
15, 115, 766
15, 115, 1669
15, 115, 1440
15, 115, 357
15, 115, 128
15, 115, 1031
15, 115, 1705
15, 115, 622
15, 115, 393
15, 115, 1296
15, 115, 887
15, 115, 658
15, 115, 1790
15, 115, 1561
15, 115, 249
15, 115, 1152
15, 115, 1826
15, 115, 743
15, 115, 514
15, 115, 1417
15, 115, 105
15, 115, 1008
15, 115, 779
15, 115, 1682
15, 115, 370
15, 115, 1273
15, 115, 635
15, 115, 1538
15, 115, 226
15, 115, 1129
15, 115, 900
15, 115, 1803
15, 115, 491
15, 115, 1394
15, 115, 1165
15, 115, 82
15, 115, 756
15, 115, 1659
15, 115, 347
15, 115, 118
15, 115, 1250
15, 115, 1021
15, 115, 612
15, 115, 1515
15, 115, 1286
15, 115, 203
15, 115, 877
15, 115, 1780
15, 115, 1551
15, 115, 468
15, 115, 239
15, 115, 1142
15, 115, 733
15, 115, 504
15, 115, 1636
15, 115, 1407
15, 115, 95
15, 115, 998
15, 115, 1672
15, 115, 589
15, 115, 360
15, 115, 1263
15, 115, 854
15, 115, 625
15, 115, 1528
15, 115, 216
15, 115, 1119
15, 115, 1793
15, 115, 710
15, 115, 481
15, 115, 1384
15, 115, 72
15, 115, 975
15, 115, 746
15, 115, 1649
15, 115, 337
15, 115, 1240
15, 115, 1011
15, 115, 602
15, 115, 1505
15, 115, 193
15, 115, 1096
15, 115, 867
15, 115, 1770
15, 115, 458
15, 115, 1361
15, 115, 1132
15, 115, 49
15, 115, 723
15, 115, 1626
15, 115, 1397
15, 115, 314
15, 115, 85
15, 115, 988
15, 115, 579
15, 115, 1482
15, 115, 1253
15, 115, 170
15, 115, 844
15, 115, 1747
15, 115, 1518
15, 115, 435
15, 115, 206
15, 115, 1109
15, 115, 1783
15, 115, 700
15, 115, 471
15, 115, 1374
15, 115, 62
15, 115, 965
15, 115, 1639
15, 115, 556
15, 115, 327
15, 115, 1230
15, 115, 821
15, 115, 592
15, 115, 1495
15, 115, 183
15, 115, 1086
15, 115, 857
15, 115, 1760
15, 115, 448
15, 115, 1351
15, 115, 39
15, 115, 942
15, 115, 713
15, 115, 1616
15, 115, 304
15, 115, 1207
15, 115, 978
15, 115, 569
15, 115, 1472
15, 115, 1243
15, 115, 160
15, 115, 834
15, 115, 1737
15, 115, 425
15, 115, 1328
15, 115, 1099
15, 115, 16
