32, 100, 175
112, 42, 175
27, 88, 175
103, 116, 175
123, 91, 175
72, 25, 175
51, 119, 175
25, 77, 175
115, 44, 175
33, 47, 175
119, 100, 175
27, 61, 175
68, 26, 175
101, 117, 175
31, 100, 175
36, 44, 175
74, 125, 175
124, 63, 175
29, 95, 175
39, 109, 175
119, 51, 175
30, 52, 175
125, 76, 175
121, 94, 175
27, 91, 175
29, 57, 175
117, 103, 175
25, 80, 175
124, 82, 175
25, 69, 175
50, 31, 175
71, 25, 175
118, 101, 175
116, 46, 175
28, 57, 175
35, 45, 175
105, 115, 175
124, 83, 175
108, 38, 175
125, 79, 175
125, 68, 175
113, 107, 175
54, 120, 175
70, 25, 175
76, 125, 175
57, 29, 175
95, 121, 175
122, 59, 175
116, 104, 175
43, 113, 175
63, 27, 175
50, 119, 175
55, 121, 175
115, 104, 175
43, 37, 175
88, 123, 175
98, 31, 175
77, 125, 175
117, 49, 175
96, 121, 175
26, 64, 175
107, 36, 175
84, 26, 175
75, 125, 175
79, 25, 175
101, 33, 175
25, 72, 175
124, 85, 175
42, 113, 175
103, 34, 175
120, 97, 175
26, 83, 175
67, 26, 175
49, 32, 175
125, 82, 175
87, 124, 175
125, 71, 175
35, 105, 175
113, 42, 175
40, 40, 175
104, 116, 175
73, 25, 175
32, 49, 175
124, 66, 175
48, 117, 175
91, 27, 175
122, 92, 175
30, 96, 175
36, 107, 175
91, 123, 175
42, 37, 175
58, 122, 175
112, 108, 175
52, 119, 175
31, 98, 175
95, 29, 175
33, 102, 175
26, 86, 175
41, 111, 175
104, 34, 175
125, 74, 175
33, 103, 175
123, 59, 175
117, 101, 175
28, 91, 175
121, 54, 175
111, 109, 175
76, 25, 175
114, 106, 175
26, 67, 175
102, 117, 175
46, 115, 175
123, 89, 175
120, 54, 175
31, 52, 175
25, 75, 175
119, 98, 175
27, 59, 175
109, 112, 175
123, 62, 175
92, 122, 175
48, 33, 175
45, 115, 175
29, 93, 175
119, 99, 175
110, 39, 175
32, 101, 175
33, 48, 175
39, 41, 175
37, 107, 175
122, 57, 175
27, 89, 175
103, 117, 175
29, 55, 175
108, 112, 175
25, 78, 175
69, 125, 175
64, 124, 175
121, 56, 175
121, 95, 175
93, 28, 175
49, 117, 175
29, 96, 175
39, 110, 175
47, 34, 175
125, 77, 175
63, 123, 175
80, 125, 175
118, 50, 175
38, 41, 175
121, 57, 175
68, 125, 175
87, 26, 175
64, 26, 175
82, 25, 175
41, 38, 175
38, 109, 175
115, 105, 175
50, 32, 175
114, 43, 175
115, 45, 175
27, 62, 175
101, 118, 175
124, 64, 175
109, 38, 175
102, 33, 175
119, 52, 175
113, 108, 175
30, 53, 175
120, 98, 175
117, 47, 175
26, 84, 175
37, 42, 175
60, 27, 175
98, 119, 175
49, 33, 175
110, 110, 175
25, 81, 175
25, 70, 175
35, 106, 175
52, 30, 175
116, 47, 175
124, 67, 175
35, 46, 175
63, 124, 175
28, 58, 175
103, 33, 175
125, 80, 175
125, 69, 175
87, 27, 175
59, 122, 175
59, 27, 175
26, 65, 175
54, 121, 175
47, 116, 175
106, 35, 175
97, 120, 175
43, 114, 175
25, 73, 175
124, 86, 175
107, 113, 175
113, 43, 175
125, 72, 175
107, 114, 175
72, 125, 175
107, 37, 175
123, 87, 175
70, 125, 175
56, 121, 175
74, 25, 175
120, 52, 175
30, 97, 175
106, 114, 175
89, 27, 175
96, 29, 175
122, 93, 175
69, 25, 175
100, 118, 175
82, 124, 175
112, 41, 175
26, 68, 175
42, 38, 175
27, 87, 175
57, 121, 175
25, 76, 175
32, 50, 175
52, 120, 175
68, 25, 175
55, 29, 175
46, 34, 175
93, 121, 175
100, 31, 175
79, 125, 175
31, 99, 175
111, 41, 175
26, 87, 175
119, 50, 175
125, 75, 175
91, 28, 175
61, 27, 175
40, 110, 175
44, 35, 175
31, 50, 175
34, 46, 175
108, 113, 175
99, 31, 175
123, 60, 175
78, 125, 175
34, 103, 175
111, 110, 175
123, 90, 175
105, 35, 175
112, 109, 175
58, 28, 175
114, 107, 175
35, 44, 175
54, 29, 175
77, 25, 175
108, 37, 175
36, 43, 175
75, 25, 175
41, 112, 175
104, 35, 175
39, 40, 175
57, 28, 175
51, 31, 175
122, 58, 175
116, 103, 175
65, 26, 175
27, 90, 175
29, 94, 175
44, 114, 175
117, 102, 175
99, 119, 175
121, 55, 175
25, 68, 175
115, 46, 175
33, 49, 175
29, 56, 175
50, 118, 175
46, 116, 175
109, 39, 175
125, 78, 175
98, 30, 175
118, 100, 175
96, 120, 175
121, 96, 175
93, 29, 175
65, 124, 175
26, 63, 175
27, 60, 175
49, 118, 175
123, 63, 175
101, 32, 175
38, 42, 175
25, 71, 175
124, 84, 175
92, 28, 175
81, 125, 175
97, 30, 175
41, 39, 175
120, 96, 175
110, 40, 175
37, 108, 175
26, 82, 175
125, 70, 175
87, 123, 175
59, 123, 175
25, 79, 175
63, 26, 175
35, 104, 175
27, 63, 175
104, 115, 175
78, 25, 175
60, 123, 175
124, 65, 175
30, 54, 175
84, 124, 175
88, 27, 175
117, 48, 175
42, 112, 175
56, 29, 175
94, 121, 175
82, 26, 175
115, 106, 175
122, 91, 175
114, 44, 175
36, 106, 175
53, 30, 175
91, 122, 175
28, 59, 175
40, 39, 175
124, 87, 175
71, 125, 175
43, 36, 175
59, 28, 175
47, 117, 175
83, 26, 175
33, 101, 175
26, 85, 175
90, 27, 175
37, 43, 175
98, 120, 175
110, 111, 175
82, 125, 175
25, 82, 175
52, 31, 175
90, 123, 175
83, 124, 175
66, 26, 175
124, 68, 175
46, 35, 175
125, 81, 175
53, 120, 175
26, 66, 175
89, 123, 175
66, 124, 175
96, 30, 175
123, 88, 175
61, 123, 175
106, 36, 175
120, 53, 175
25, 74, 175
85, 26, 175
106, 115, 175
45, 35, 175
80, 25, 175
109, 111, 175
34, 104, 175
86, 124, 175
125, 73, 175
111, 40, 175
121, 93, 175
29, 54, 175
54, 30, 175
67, 124, 175
62, 123, 175
57, 122, 175
85, 124, 175
28, 92, 175
86, 26, 175
93, 122, 175
81, 25, 175
44, 36, 175
100, 32, 175
30, 98, 175
94, 29, 175
47, 33, 175
123, 61, 175
44, 115, 175
28, 93, 175
118, 49, 175
73, 125, 175
40, 111, 175
68, 124, 175
31, 51, 175
34, 47, 175
62, 27, 175
100, 119, 175
38, 108, 175
