186, 186, 375
186, 186, 613
186, 186, 384
186, 186, 393
186, 186, 222
186, 186, 231
186, 186, 240
186, 186, 478
186, 186, 249
186, 186, 487
186, 186, 258
186, 186, 496
186, 186, 505
186, 186, 87
186, 186, 514
186, 186, 96
186, 186, 105
186, 186, 343
186, 186, 114
186, 186, 352
186, 186, 123
186, 186, 361
186, 186, 370
186, 186, 608
186, 186, 379
186, 186, 208
186, 186, 217
186, 186, 226
186, 186, 235
186, 186, 473
186, 186, 244
186, 186, 482
186, 186, 491
186, 186, 73
186, 186, 500
186, 186, 82
186, 186, 509
186, 186, 91
186, 186, 100
186, 186, 338
186, 186, 109
186, 186, 347
186, 186, 356
186, 186, 594
186, 186, 365
186, 186, 603
186, 186, 374
186, 186, 612
186, 186, 203
186, 186, 212
186, 186, 221
186, 186, 459
186, 186, 230
186, 186, 468
186, 186, 239
186, 186, 477
186, 186, 486
186, 186, 68
186, 186, 495
186, 186, 77
186, 186, 86
186, 186, 324
186, 186, 95
186, 186, 333
186, 186, 104
186, 186, 342
186, 186, 351
186, 186, 589
186, 186, 360
186, 186, 598
186, 186, 607
186, 186, 189
186, 186, 198
186, 186, 207
186, 186, 216
186, 186, 454
186, 186, 225
186, 186, 463
186, 186, 472
186, 186, 54
186, 186, 481
186, 186, 63
186, 186, 490
186, 186, 72
186, 186, 81
186, 186, 319
186, 186, 90
186, 186, 328
186, 186, 337
186, 186, 575
186, 186, 346
186, 186, 584
186, 186, 355
186, 186, 593
186, 186, 602
186, 186, 184
186, 186, 611
186, 186, 193
186, 186, 202
186, 186, 440
186, 186, 211
186, 186, 449
186, 186, 220
186, 186, 458
186, 186, 467
186, 186, 49
186, 186, 476
186, 186, 58
186, 186, 67
186, 186, 305
186, 186, 76
186, 186, 314
186, 186, 85
186, 186, 323
186, 186, 561
186, 186, 332
186, 186, 570
186, 186, 341
186, 186, 579
186, 186, 588
186, 186, 170
186, 186, 597
186, 186, 179
186, 186, 188
186, 186, 197
186, 186, 435
186, 186, 206
186, 186, 444
186, 186, 453
186, 186, 35
186, 186, 462
186, 186, 44
186, 186, 471
186, 186, 53
186, 186, 62
186, 186, 300
186, 186, 71
186, 186, 309
186, 186, 318
186, 186, 556
186, 186, 327
186, 186, 565
186, 186, 336
186, 186, 574
186, 186, 583
186, 186, 165
186, 186, 592
186, 186, 174
186, 186, 183
186, 186, 421
186, 186, 192
186, 186, 430
186, 186, 201
186, 186, 439
186, 186, 448
186, 186, 30
186, 186, 457
186, 186, 39
186, 186, 48
186, 186, 286
186, 186, 57
186, 186, 295
186, 186, 66
186, 186, 304
186, 186, 542
186, 186, 313
186, 186, 551
186, 186, 322
186, 186, 560
186, 186, 569
186, 186, 151
186, 186, 578
186, 186, 160
186, 186, 169
186, 186, 407
186, 186, 178
186, 186, 416
186, 186, 187
186, 186, 425
186, 186, 434
186, 186, 16
186, 186, 443
186, 186, 25
186, 186, 34
186, 186, 272
186, 186, 43
186, 186, 281
186, 186, 52
186, 186, 290
186, 186, 299
186, 186, 537
186, 186, 308
186, 186, 546
186, 186, 555
186, 186, 137
186, 186, 564
186, 186, 146
186, 186, 573
186, 186, 155
186, 186, 164
186, 186, 402
186, 186, 173
186, 186, 411
186, 186, 420
186, 186, 429
186, 186, 438
186, 186, 20
186, 186, 29
186, 186, 267
186, 186, 38
186, 186, 276
186, 186, 285
186, 186, 523
186, 186, 294
186, 186, 532
186, 186, 303
186, 186, 541
186, 186, 550
186, 186, 132
186, 186, 559
186, 186, 141
186, 186, 150
186, 186, 388
186, 186, 159
186, 186, 397
186, 186, 168
186, 186, 406
186, 186, 415
186, 186, 424
186, 186, 15
186, 186, 253
186, 186, 24
186, 186, 262
186, 186, 33
186, 186, 271
186, 186, 280
186, 186, 518
186, 186, 289
186, 186, 527
186, 186, 536
186, 186, 118
186, 186, 545
186, 186, 127
186, 186, 554
186, 186, 136
186, 186, 145
186, 186, 383
186, 186, 154
186, 186, 392
186, 186, 401
186, 186, 410
186, 186, 419
186, 186, 248
186, 186, 19
186, 186, 257
186, 186, 266
186, 186, 504
186, 186, 275
186, 186, 513
186, 186, 284
186, 186, 522
186, 186, 531
186, 186, 113
186, 186, 540
186, 186, 122
186, 186, 131
186, 186, 369
186, 186, 140
186, 186, 378
186, 186, 149
186, 186, 387
186, 186, 396
186, 186, 405
186, 186, 234
186, 186, 243
186, 186, 252
186, 186, 261
186, 186, 499
186, 186, 270
186, 186, 508
186, 186, 517
186, 186, 99
186, 186, 526
186, 186, 108
186, 186, 535
186, 186, 117
186, 186, 126
186, 186, 364
186, 186, 135
186, 186, 373
186, 186, 382
186, 186, 391
186, 186, 400
186, 186, 229
186, 186, 238
186, 186, 247
186, 186, 485
186, 186, 256
186, 186, 494
186, 186, 265
186, 186, 503
186, 186, 512
186, 186, 94
186, 186, 521
186, 186, 103
186, 186, 112
186, 186, 350
186, 186, 121
186, 186, 359
186, 186, 130
186, 186, 368
186, 186, 606
186, 186, 377
186, 186, 615
186, 186, 386
186, 186, 215
186, 186, 224
186, 186, 233
186, 186, 242
186, 186, 480
186, 186, 251
186, 186, 489
186, 186, 498
186, 186, 80
186, 186, 507
186, 186, 89
186, 186, 516
186, 186, 98
186, 186, 107
186, 186, 345
186, 186, 116
186, 186, 354
186, 186, 363
186, 186, 601
186, 186, 372
186, 186, 610
186, 186, 381
186, 186, 210
186, 186, 219
186, 186, 228
186, 186, 466
186, 186, 237
186, 186, 475
186, 186, 246
186, 186, 484
186, 186, 493
186, 186, 75
186, 186, 502
186, 186, 84
186, 186, 93
186, 186, 331
186, 186, 102
186, 186, 340
186, 186, 111
186, 186, 349
186, 186, 587
186, 186, 358
186, 186, 596
186, 186, 367
186, 186, 605
186, 186, 614
186, 186, 196
186, 186, 205
186, 186, 214
186, 186, 452
186, 186, 223
186, 186, 461
186, 186, 232
186, 186, 470
186, 186, 479
186, 186, 61
186, 186, 488
186, 186, 70
186, 186, 79
186, 186, 317
186, 186, 88
186, 186, 326
186, 186, 97
186, 186, 335
186, 186, 344
186, 186, 582
186, 186, 353
186, 186, 591
186, 186, 600
186, 186, 182
186, 186, 609
186, 186, 191
186, 186, 200
186, 186, 209
186, 186, 447
186, 186, 218
186, 186, 456
186, 186, 465
186, 186, 47
186, 186, 474
186, 186, 56
186, 186, 483
186, 186, 65
186, 186, 74
186, 186, 312
186, 186, 83
186, 186, 321
186, 186, 330
186, 186, 568
186, 186, 339
186, 186, 577
186, 186, 348
186, 186, 586
186, 186, 595
186, 186, 177
186, 186, 604
186, 186, 186
186, 186, 195
186, 186, 433
186, 186, 204
186, 186, 442
186, 186, 213
186, 186, 451
186, 186, 460
186, 186, 42
186, 186, 469
186, 186, 51
186, 186, 60
186, 186, 298
186, 186, 69
186, 186, 307
186, 186, 78
186, 186, 316
186, 186, 325
186, 186, 563
186, 186, 334
186, 186, 572
186, 186, 581
186, 186, 163
186, 186, 590
186, 186, 172
186, 186, 599
186, 186, 181
186, 186, 190
186, 186, 428
186, 186, 199
186, 186, 437
186, 186, 446
186, 186, 28
186, 186, 455
186, 186, 37
186, 186, 464
186, 186, 46
186, 186, 55
186, 186, 293
186, 186, 64
186, 186, 302
186, 186, 311
186, 186, 549
186, 186, 320
186, 186, 558
186, 186, 329
186, 186, 567
186, 186, 576
186, 186, 158
186, 186, 585
186, 186, 167
186, 186, 176
186, 186, 414
186, 186, 185
186, 186, 423
186, 186, 194
186, 186, 432
186, 186, 441
186, 186, 23
186, 186, 450
186, 186, 32
186, 186, 41
186, 186, 279
186, 186, 50
186, 186, 288
186, 186, 59
186, 186, 297
186, 186, 306
186, 186, 544
186, 186, 315
186, 186, 553
186, 186, 562
186, 186, 144
186, 186, 571
186, 186, 153
186, 186, 580
186, 186, 162
186, 186, 171
186, 186, 409
186, 186, 180
186, 186, 418
186, 186, 427
186, 186, 436
186, 186, 18
186, 186, 445
186, 186, 27
186, 186, 36
186, 186, 274
186, 186, 45
186, 186, 283
186, 186, 292
186, 186, 530
186, 186, 301
186, 186, 539
186, 186, 310
186, 186, 548
186, 186, 557
186, 186, 139
186, 186, 566
186, 186, 148
186, 186, 157
186, 186, 395
186, 186, 166
186, 186, 404
186, 186, 175
186, 186, 413
186, 186, 422
186, 186, 431
186, 186, 22
186, 186, 260
186, 186, 31
186, 186, 269
186, 186, 40
186, 186, 278
186, 186, 287
186, 186, 525
186, 186, 296
186, 186, 534
186, 186, 543
186, 186, 125
186, 186, 552
186, 186, 134
186, 186, 143
186, 186, 152
186, 186, 390
186, 186, 161
186, 186, 399
186, 186, 408
186, 186, 417
186, 186, 426
186, 186, 17
186, 186, 255
186, 186, 26
186, 186, 264
186, 186, 273
186, 186, 511
186, 186, 282
186, 186, 520
186, 186, 291
186, 186, 529
186, 186, 538
186, 186, 120
186, 186, 547
186, 186, 129
186, 186, 138
186, 186, 376
186, 186, 147
186, 186, 385
186, 186, 156
186, 186, 394
186, 186, 403
186, 186, 412
186, 186, 241
186, 186, 250
186, 186, 21
186, 186, 259
186, 186, 497
186, 186, 268
186, 186, 506
186, 186, 277
186, 186, 515
186, 186, 524
186, 186, 106
186, 186, 533
186, 186, 115
186, 186, 124
186, 186, 362
186, 186, 133
186, 186, 371
186, 186, 142
186, 186, 380
186, 186, 389
186, 186, 398
186, 186, 227
186, 186, 236
186, 186, 245
186, 186, 254
186, 186, 492
186, 186, 263
186, 186, 501
186, 186, 510
186, 186, 92
186, 186, 519
186, 186, 101
186, 186, 528
186, 186, 110
186, 186, 119
186, 186, 357
186, 186, 128
186, 186, 366
