215, 115, 196
215, 115, 205
215, 115, 214
215, 115, 223
215, 115, 461
215, 115, 232
215, 115, 470
215, 115, 479
215, 115, 61
215, 115, 488
215, 115, 70
215, 115, 497
215, 115, 79
215, 115, 88
215, 115, 326
215, 115, 97
215, 115, 335
215, 115, 344
215, 115, 582
215, 115, 353
215, 115, 591
215, 115, 362
215, 115, 600
215, 115, 609
215, 115, 191
215, 115, 200
215, 115, 209
215, 115, 447
215, 115, 218
215, 115, 456
215, 115, 227
215, 115, 465
215, 115, 474
215, 115, 56
215, 115, 483
215, 115, 65
215, 115, 74
215, 115, 312
215, 115, 83
215, 115, 321
215, 115, 92
215, 115, 330
215, 115, 339
215, 115, 577
215, 115, 348
215, 115, 586
215, 115, 595
215, 115, 177
215, 115, 604
215, 115, 186
215, 115, 613
215, 115, 195
215, 115, 204
215, 115, 442
215, 115, 213
215, 115, 451
215, 115, 460
215, 115, 42
215, 115, 469
215, 115, 51
215, 115, 478
215, 115, 60
215, 115, 69
215, 115, 307
215, 115, 78
215, 115, 316
215, 115, 325
215, 115, 563
215, 115, 334
215, 115, 572
215, 115, 343
215, 115, 581
215, 115, 590
215, 115, 172
215, 115, 599
215, 115, 181
215, 115, 190
215, 115, 428
215, 115, 199
215, 115, 437
215, 115, 208
215, 115, 446
215, 115, 455
215, 115, 37
215, 115, 464
215, 115, 46
215, 115, 55
215, 115, 293
215, 115, 64
215, 115, 302
215, 115, 73
215, 115, 311
215, 115, 320
215, 115, 558
215, 115, 329
215, 115, 567
215, 115, 576
215, 115, 158
215, 115, 585
215, 115, 167
215, 115, 594
215, 115, 176
215, 115, 185
215, 115, 423
215, 115, 194
215, 115, 432
215, 115, 441
215, 115, 23
215, 115, 450
215, 115, 32
215, 115, 459
215, 115, 41
215, 115, 50
215, 115, 288
215, 115, 59
215, 115, 297
215, 115, 306
215, 115, 544
215, 115, 315
215, 115, 553
215, 115, 324
215, 115, 562
215, 115, 571
215, 115, 153
215, 115, 580
215, 115, 162
215, 115, 171
215, 115, 409
215, 115, 180
215, 115, 418
215, 115, 189
215, 115, 427
215, 115, 436
215, 115, 18
215, 115, 445
215, 115, 27
215, 115, 36
215, 115, 274
215, 115, 45
215, 115, 283
215, 115, 54
215, 115, 292
215, 115, 530
215, 115, 301
215, 115, 539
215, 115, 310
215, 115, 548
215, 115, 557
215, 115, 139
215, 115, 566
215, 115, 148
215, 115, 157
215, 115, 166
215, 115, 404
215, 115, 175
215, 115, 413
215, 115, 422
215, 115, 431
215, 115, 440
215, 115, 22
215, 115, 31
215, 115, 269
215, 115, 40
215, 115, 278
215, 115, 287
215, 115, 525
215, 115, 296
215, 115, 534
215, 115, 305
215, 115, 543
215, 115, 552
215, 115, 134
215, 115, 561
215, 115, 143
215, 115, 152
215, 115, 390
215, 115, 161
215, 115, 399
215, 115, 170
215, 115, 408
215, 115, 417
215, 115, 426
215, 115, 17
215, 115, 255
215, 115, 26
215, 115, 264
215, 115, 35
215, 115, 273
215, 115, 511
215, 115, 282
215, 115, 520
215, 115, 291
215, 115, 529
215, 115, 538
215, 115, 120
215, 115, 547
215, 115, 129
215, 115, 138
215, 115, 376
215, 115, 147
215, 115, 385
215, 115, 156
215, 115, 394
215, 115, 403
215, 115, 412
215, 115, 241
215, 115, 250
215, 115, 21
215, 115, 259
215, 115, 268
215, 115, 506
215, 115, 277
215, 115, 515
215, 115, 524
215, 115, 106
215, 115, 533
215, 115, 115
215, 115, 542
215, 115, 124
215, 115, 133
215, 115, 371
215, 115, 142
215, 115, 380
215, 115, 389
215, 115, 398
215, 115, 407
215, 115, 236
215, 115, 245
215, 115, 254
215, 115, 492
215, 115, 263
215, 115, 501
215, 115, 272
215, 115, 510
215, 115, 519
215, 115, 101
215, 115, 528
215, 115, 110
215, 115, 119
215, 115, 357
215, 115, 128
215, 115, 366
215, 115, 137
215, 115, 375
215, 115, 384
215, 115, 393
215, 115, 222
215, 115, 231
215, 115, 240
215, 115, 249
215, 115, 487
215, 115, 258
215, 115, 496
215, 115, 505
215, 115, 87
215, 115, 514
215, 115, 96
215, 115, 523
215, 115, 105
215, 115, 114
215, 115, 352
215, 115, 123
215, 115, 361
215, 115, 370
215, 115, 608
215, 115, 379
215, 115, 388
215, 115, 217
215, 115, 226
215, 115, 235
215, 115, 473
215, 115, 244
215, 115, 482
215, 115, 253
215, 115, 491
215, 115, 500
215, 115, 82
215, 115, 509
215, 115, 91
215, 115, 100
215, 115, 338
215, 115, 109
215, 115, 347
215, 115, 118
215, 115, 356
215, 115, 365
215, 115, 603
215, 115, 374
215, 115, 612
215, 115, 203
215, 115, 212
215, 115, 221
215, 115, 230
215, 115, 468
215, 115, 239
215, 115, 477
215, 115, 486
215, 115, 68
215, 115, 495
215, 115, 77
215, 115, 504
215, 115, 86
215, 115, 95
215, 115, 333
215, 115, 104
215, 115, 342
215, 115, 351
215, 115, 589
215, 115, 360
215, 115, 598
215, 115, 369
215, 115, 607
215, 115, 198
215, 115, 207
215, 115, 216
215, 115, 454
215, 115, 225
215, 115, 463
215, 115, 234
215, 115, 472
215, 115, 481
215, 115, 63
215, 115, 490
215, 115, 72
215, 115, 81
215, 115, 319
215, 115, 90
215, 115, 328
215, 115, 99
215, 115, 337
215, 115, 575
215, 115, 346
215, 115, 584
215, 115, 355
215, 115, 593
215, 115, 602
215, 115, 184
215, 115, 611
215, 115, 193
215, 115, 202
215, 115, 211
215, 115, 449
215, 115, 220
215, 115, 458
215, 115, 467
215, 115, 49
215, 115, 476
215, 115, 58
215, 115, 485
215, 115, 67
215, 115, 76
215, 115, 314
215, 115, 85
215, 115, 323
215, 115, 332
215, 115, 570
215, 115, 341
215, 115, 579
215, 115, 350
215, 115, 588
215, 115, 597
215, 115, 179
215, 115, 606
215, 115, 188
215, 115, 197
215, 115, 435
215, 115, 206
215, 115, 444
215, 115, 215
215, 115, 453
215, 115, 462
215, 115, 44
215, 115, 471
215, 115, 53
215, 115, 62
215, 115, 300
215, 115, 71
215, 115, 309
215, 115, 80
215, 115, 318
215, 115, 556
215, 115, 327
215, 115, 565
215, 115, 336
215, 115, 574
215, 115, 583
215, 115, 165
215, 115, 592
215, 115, 174
215, 115, 183
215, 115, 421
215, 115, 192
215, 115, 430
215, 115, 201
215, 115, 439
215, 115, 448
215, 115, 30
215, 115, 457
215, 115, 39
215, 115, 48
215, 115, 286
215, 115, 57
215, 115, 295
215, 115, 66
215, 115, 304
215, 115, 313
215, 115, 551
215, 115, 322
215, 115, 560
215, 115, 569
215, 115, 151
215, 115, 578
215, 115, 160
215, 115, 587
215, 115, 169
215, 115, 178
215, 115, 416
215, 115, 187
215, 115, 425
215, 115, 434
215, 115, 16
215, 115, 443
215, 115, 25
215, 115, 452
215, 115, 34
215, 115, 43
215, 115, 281
215, 115, 52
215, 115, 290
215, 115, 299
215, 115, 537
215, 115, 308
215, 115, 546
215, 115, 317
215, 115, 555
215, 115, 564
215, 115, 146
215, 115, 573
215, 115, 155
215, 115, 164
215, 115, 402
215, 115, 173
215, 115, 411
215, 115, 182
215, 115, 420
215, 115, 429
215, 115, 438
215, 115, 20
215, 115, 29
215, 115, 267
215, 115, 38
215, 115, 276
215, 115, 47
215, 115, 285
215, 115, 294
215, 115, 532
215, 115, 303
215, 115, 541
215, 115, 550
215, 115, 132
215, 115, 559
215, 115, 141
215, 115, 568
215, 115, 150
215, 115, 159
215, 115, 397
215, 115, 168
215, 115, 406
215, 115, 415
215, 115, 424
215, 115, 433
215, 115, 15
215, 115, 24
215, 115, 262
215, 115, 33
215, 115, 271
215, 115, 280
215, 115, 518
215, 115, 289
215, 115, 527
215, 115, 298
215, 115, 536
215, 115, 545
215, 115, 127
215, 115, 554
215, 115, 136
215, 115, 145
215, 115, 383
215, 115, 154
215, 115, 392
215, 115, 163
215, 115, 401
215, 115, 410
215, 115, 419
215, 115, 248
215, 115, 19
215, 115, 257
215, 115, 28
215, 115, 266
215, 115, 275
215, 115, 513
215, 115, 284
215, 115, 522
215, 115, 531
215, 115, 113
215, 115, 540
215, 115, 122
215, 115, 549
215, 115, 131
215, 115, 140
215, 115, 378
215, 115, 149
215, 115, 387
215, 115, 396
215, 115, 405
215, 115, 414
215, 115, 243
215, 115, 252
215, 115, 261
215, 115, 499
215, 115, 270
215, 115, 508
215, 115, 279
215, 115, 517
215, 115, 526
215, 115, 108
215, 115, 535
215, 115, 117
215, 115, 126
215, 115, 364
215, 115, 135
215, 115, 373
215, 115, 144
215, 115, 382
215, 115, 391
215, 115, 400
215, 115, 229
215, 115, 238
215, 115, 247
215, 115, 256
215, 115, 494
215, 115, 265
215, 115, 503
215, 115, 512
215, 115, 94
215, 115, 521
215, 115, 103
215, 115, 112
215, 115, 121
215, 115, 359
215, 115, 130
215, 115, 368
215, 115, 377
215, 115, 615
215, 115, 386
215, 115, 395
215, 115, 224
215, 115, 233
215, 115, 242
215, 115, 480
215, 115, 251
215, 115, 489
215, 115, 260
215, 115, 498
215, 115, 507
215, 115, 89
215, 115, 516
215, 115, 98
215, 115, 107
215, 115, 345
215, 115, 116
215, 115, 354
215, 115, 125
215, 115, 363
215, 115, 601
215, 115, 372
215, 115, 610
215, 115, 381
215, 115, 210
215, 115, 219
215, 115, 228
215, 115, 466
215, 115, 237
215, 115, 475
215, 115, 246
215, 115, 484
215, 115, 493
215, 115, 75
215, 115, 502
215, 115, 84
215, 115, 93
215, 115, 331
215, 115, 102
215, 115, 340
215, 115, 111
215, 115, 349
215, 115, 358
215, 115, 596
215, 115, 367
215, 115, 605
215, 115, 614
