44, 186, 249
44, 186, 487
44, 186, 258
44, 186, 496
44, 186, 267
44, 186, 505
44, 186, 514
44, 186, 96
44, 186, 523
44, 186, 105
44, 186, 114
44, 186, 352
44, 186, 123
44, 186, 361
44, 186, 132
44, 186, 370
44, 186, 608
44, 186, 379
44, 186, 388
44, 186, 217
44, 186, 226
44, 186, 235
44, 186, 473
44, 186, 244
44, 186, 482
44, 186, 253
44, 186, 491
44, 186, 500
44, 186, 82
44, 186, 509
44, 186, 91
44, 186, 100
44, 186, 338
44, 186, 109
44, 186, 347
44, 186, 118
44, 186, 356
44, 186, 365
44, 186, 603
44, 186, 374
44, 186, 612
44, 186, 203
44, 186, 212
44, 186, 221
44, 186, 230
44, 186, 468
44, 186, 239
44, 186, 477
44, 186, 486
44, 186, 68
44, 186, 495
44, 186, 77
44, 186, 504
44, 186, 86
44, 186, 95
44, 186, 333
44, 186, 104
44, 186, 342
44, 186, 351
44, 186, 589
44, 186, 360
44, 186, 598
44, 186, 369
44, 186, 607
44, 186, 198
44, 186, 207
44, 186, 216
44, 186, 454
44, 186, 225
44, 186, 463
44, 186, 234
44, 186, 472
44, 186, 481
44, 186, 63
44, 186, 490
44, 186, 72
44, 186, 81
44, 186, 319
44, 186, 90
44, 186, 328
44, 186, 99
44, 186, 337
44, 186, 346
44, 186, 584
44, 186, 355
44, 186, 593
44, 186, 602
44, 186, 184
44, 186, 611
44, 186, 193
44, 186, 202
44, 186, 211
44, 186, 449
44, 186, 220
44, 186, 458
44, 186, 467
44, 186, 49
44, 186, 476
44, 186, 58
44, 186, 485
44, 186, 67
44, 186, 76
44, 186, 314
44, 186, 85
44, 186, 323
44, 186, 332
44, 186, 570
44, 186, 341
44, 186, 579
44, 186, 350
44, 186, 588
44, 186, 597
44, 186, 179
44, 186, 606
44, 186, 188
44, 186, 197
44, 186, 435
44, 186, 206
44, 186, 444
44, 186, 215
44, 186, 453
44, 186, 462
44, 186, 44
44, 186, 471
44, 186, 53
44, 186, 62
44, 186, 300
44, 186, 71
44, 186, 309
44, 186, 80
44, 186, 318
44, 186, 327
44, 186, 565
44, 186, 336
44, 186, 574
44, 186, 583
44, 186, 165
44, 186, 592
44, 186, 174
44, 186, 601
44, 186, 183
44, 186, 192
44, 186, 430
44, 186, 201
44, 186, 439
44, 186, 448
44, 186, 30
44, 186, 457
44, 186, 39
44, 186, 466
44, 186, 48
44, 186, 57
44, 186, 295
44, 186, 66
44, 186, 304
44, 186, 313
44, 186, 551
44, 186, 322
44, 186, 560
44, 186, 331
44, 186, 569
44, 186, 578
44, 186, 160
44, 186, 587
44, 186, 169
44, 186, 178
44, 186, 416
44, 186, 187
44, 186, 425
44, 186, 196
44, 186, 434
44, 186, 443
44, 186, 25
44, 186, 452
44, 186, 34
44, 186, 43
44, 186, 281
44, 186, 52
44, 186, 290
44, 186, 61
44, 186, 299
44, 186, 308
44, 186, 546
44, 186, 317
44, 186, 555
44, 186, 564
44, 186, 146
44, 186, 573
44, 186, 155
44, 186, 582
44, 186, 164
44, 186, 173
44, 186, 411
44, 186, 182
44, 186, 420
44, 186, 429
44, 186, 438
44, 186, 20
44, 186, 447
44, 186, 29
44, 186, 38
44, 186, 276
44, 186, 47
44, 186, 285
44, 186, 294
44, 186, 532
44, 186, 303
44, 186, 541
44, 186, 312
44, 186, 550
44, 186, 559
44, 186, 141
44, 186, 568
44, 186, 150
44, 186, 159
44, 186, 397
44, 186, 168
44, 186, 406
44, 186, 177
44, 186, 415
44, 186, 424
44, 186, 433
44, 186, 15
44, 186, 24
44, 186, 262
44, 186, 33
44, 186, 271
44, 186, 42
44, 186, 280
44, 186, 518
44, 186, 289
44, 186, 527
44, 186, 298
44, 186, 536
44, 186, 545
44, 186, 127
44, 186, 554
44, 186, 136
44, 186, 145
44, 186, 383
44, 186, 154
44, 186, 392
44, 186, 163
44, 186, 401
44, 186, 410
44, 186, 419
44, 186, 248
44, 186, 19
44, 186, 257
44, 186, 28
44, 186, 266
44, 186, 275
44, 186, 513
44, 186, 284
44, 186, 522
44, 186, 531
44, 186, 113
44, 186, 540
44, 186, 122
44, 186, 549
44, 186, 131
44, 186, 140
44, 186, 378
44, 186, 149
44, 186, 387
44, 186, 396
44, 186, 405
44, 186, 414
44, 186, 243
44, 186, 252
44, 186, 261
44, 186, 499
44, 186, 270
44, 186, 508
44, 186, 279
44, 186, 517
44, 186, 526
44, 186, 108
44, 186, 535
44, 186, 117
44, 186, 126
44, 186, 364
44, 186, 135
44, 186, 373
44, 186, 144
44, 186, 382
44, 186, 391
44, 186, 400
44, 186, 229
44, 186, 238
44, 186, 247
44, 186, 256
44, 186, 494
44, 186, 265
44, 186, 503
44, 186, 512
44, 186, 94
44, 186, 521
44, 186, 103
44, 186, 530
44, 186, 112
44, 186, 121
44, 186, 359
44, 186, 130
44, 186, 368
44, 186, 377
44, 186, 615
44, 186, 386
44, 186, 395
44, 186, 224
44, 186, 233
44, 186, 242
44, 186, 480
44, 186, 251
44, 186, 489
44, 186, 260
44, 186, 498
44, 186, 507
44, 186, 89
44, 186, 516
44, 186, 98
44, 186, 107
44, 186, 345
44, 186, 116
44, 186, 354
44, 186, 125
44, 186, 363
44, 186, 372
44, 186, 610
44, 186, 381
44, 186, 210
44, 186, 219
44, 186, 228
44, 186, 237
44, 186, 475
44, 186, 246
44, 186, 484
44, 186, 493
44, 186, 75
44, 186, 502
44, 186, 84
44, 186, 511
44, 186, 93
44, 186, 102
44, 186, 340
44, 186, 111
44, 186, 349
44, 186, 358
44, 186, 596
44, 186, 367
44, 186, 605
44, 186, 376
44, 186, 614
44, 186, 205
44, 186, 214
44, 186, 223
44, 186, 461
44, 186, 232
44, 186, 470
44, 186, 241
44, 186, 479
44, 186, 488
44, 186, 70
44, 186, 497
44, 186, 79
44, 186, 88
44, 186, 326
44, 186, 97
44, 186, 335
44, 186, 106
44, 186, 344
44, 186, 353
44, 186, 591
44, 186, 362
44, 186, 600
44, 186, 609
44, 186, 191
44, 186, 200
44, 186, 209
44, 186, 218
44, 186, 456
44, 186, 227
44, 186, 465
44, 186, 474
44, 186, 56
44, 186, 483
44, 186, 65
44, 186, 492
44, 186, 74
44, 186, 83
44, 186, 321
44, 186, 92
44, 186, 330
44, 186, 339
44, 186, 577
44, 186, 348
44, 186, 586
44, 186, 357
44, 186, 595
44, 186, 604
44, 186, 186
44, 186, 613
44, 186, 195
44, 186, 204
44, 186, 442
44, 186, 213
44, 186, 451
44, 186, 222
44, 186, 460
44, 186, 469
44, 186, 51
44, 186, 478
44, 186, 60
44, 186, 69
44, 186, 307
44, 186, 78
44, 186, 316
44, 186, 87
44, 186, 325
44, 186, 563
44, 186, 334
44, 186, 572
44, 186, 343
44, 186, 581
44, 186, 590
44, 186, 172
44, 186, 599
44, 186, 181
44, 186, 190
44, 186, 428
44, 186, 199
44, 186, 437
44, 186, 208
44, 186, 446
44, 186, 455
44, 186, 37
44, 186, 464
44, 186, 46
44, 186, 55
44, 186, 293
44, 186, 64
44, 186, 302
44, 186, 73
44, 186, 311
44, 186, 320
44, 186, 558
44, 186, 329
44, 186, 567
44, 186, 576
44, 186, 158
44, 186, 585
44, 186, 167
44, 186, 594
44, 186, 176
44, 186, 185
44, 186, 423
44, 186, 194
44, 186, 432
44, 186, 441
44, 186, 23
44, 186, 450
44, 186, 32
44, 186, 459
44, 186, 41
44, 186, 50
44, 186, 288
44, 186, 59
44, 186, 297
44, 186, 306
44, 186, 544
44, 186, 315
44, 186, 553
44, 186, 324
44, 186, 562
44, 186, 571
44, 186, 153
44, 186, 580
44, 186, 162
44, 186, 171
44, 186, 409
44, 186, 180
44, 186, 418
44, 186, 189
44, 186, 427
44, 186, 436
44, 186, 18
44, 186, 445
44, 186, 27
44, 186, 36
44, 186, 274
44, 186, 45
44, 186, 283
44, 186, 54
44, 186, 292
44, 186, 301
44, 186, 539
44, 186, 310
44, 186, 548
44, 186, 557
44, 186, 139
44, 186, 566
44, 186, 148
44, 186, 575
44, 186, 157
44, 186, 166
44, 186, 404
44, 186, 175
44, 186, 413
44, 186, 422
44, 186, 431
44, 186, 440
44, 186, 22
44, 186, 31
44, 186, 269
44, 186, 40
44, 186, 278
44, 186, 287
44, 186, 525
44, 186, 296
44, 186, 534
44, 186, 305
44, 186, 543
44, 186, 552
44, 186, 134
44, 186, 561
44, 186, 143
44, 186, 152
44, 186, 390
44, 186, 161
44, 186, 399
44, 186, 170
44, 186, 408
44, 186, 417
44, 186, 426
44, 186, 17
44, 186, 255
44, 186, 26
44, 186, 264
44, 186, 35
44, 186, 273
44, 186, 282
44, 186, 520
44, 186, 291
44, 186, 529
44, 186, 538
44, 186, 120
44, 186, 547
44, 186, 129
44, 186, 556
44, 186, 138
44, 186, 147
44, 186, 385
44, 186, 156
44, 186, 394
44, 186, 403
44, 186, 412
44, 186, 421
44, 186, 250
44, 186, 21
44, 186, 259
44, 186, 268
44, 186, 506
44, 186, 277
44, 186, 515
44, 186, 286
44, 186, 524
44, 186, 533
44, 186, 115
44, 186, 542
44, 186, 124
44, 186, 133
44, 186, 371
44, 186, 142
44, 186, 380
44, 186, 151
44, 186, 389
44, 186, 398
44, 186, 407
44, 186, 236
44, 186, 245
44, 186, 16
44, 186, 254
44, 186, 263
44, 186, 501
44, 186, 272
44, 186, 510
44, 186, 519
44, 186, 101
44, 186, 528
44, 186, 110
44, 186, 537
44, 186, 119
44, 186, 128
44, 186, 366
44, 186, 137
44, 186, 375
44, 186, 384
44, 186, 393
44, 186, 402
44, 186, 231
44, 186, 240
