186, 44, 273
186, 44, 44
186, 44, 282
186, 44, 53
186, 44, 291
186, 44, 300
186, 44, 538
186, 44, 309
186, 44, 547
186, 44, 556
186, 44, 138
186, 44, 565
186, 44, 147
186, 44, 574
186, 44, 156
186, 44, 165
186, 44, 403
186, 44, 174
186, 44, 412
186, 44, 421
186, 44, 430
186, 44, 439
186, 44, 21
186, 44, 30
186, 44, 268
186, 44, 39
186, 44, 277
186, 44, 286
186, 44, 524
186, 44, 295
186, 44, 533
186, 44, 304
186, 44, 542
186, 44, 551
186, 44, 133
186, 44, 560
186, 44, 142
186, 44, 151
186, 44, 389
186, 44, 160
186, 44, 398
186, 44, 169
186, 44, 407
186, 44, 416
186, 44, 425
186, 44, 16
186, 44, 254
186, 44, 25
186, 44, 263
186, 44, 34
186, 44, 272
186, 44, 510
186, 44, 281
186, 44, 519
186, 44, 290
186, 44, 528
186, 44, 537
186, 44, 119
186, 44, 546
186, 44, 128
186, 44, 137
186, 44, 375
186, 44, 146
186, 44, 384
186, 44, 155
186, 44, 393
186, 44, 402
186, 44, 411
186, 44, 240
186, 44, 249
186, 44, 20
186, 44, 258
186, 44, 267
186, 44, 505
186, 44, 276
186, 44, 514
186, 44, 523
186, 44, 105
186, 44, 532
186, 44, 114
186, 44, 541
186, 44, 123
186, 44, 132
186, 44, 370
186, 44, 141
186, 44, 379
186, 44, 388
186, 44, 397
186, 44, 406
186, 44, 235
186, 44, 244
186, 44, 253
186, 44, 491
186, 44, 262
186, 44, 500
186, 44, 271
186, 44, 509
186, 44, 518
186, 44, 100
186, 44, 527
186, 44, 109
186, 44, 118
186, 44, 356
186, 44, 127
186, 44, 365
186, 44, 136
186, 44, 374
186, 44, 383
186, 44, 392
186, 44, 221
186, 44, 230
186, 44, 239
186, 44, 248
186, 44, 486
186, 44, 257
186, 44, 495
186, 44, 504
186, 44, 86
186, 44, 513
186, 44, 95
186, 44, 522
186, 44, 104
186, 44, 113
186, 44, 351
186, 44, 122
186, 44, 360
186, 44, 369
186, 44, 607
186, 44, 378
186, 44, 387
186, 44, 216
186, 44, 225
186, 44, 234
186, 44, 472
186, 44, 243
186, 44, 481
186, 44, 252
186, 44, 490
186, 44, 499
186, 44, 81
186, 44, 508
186, 44, 90
186, 44, 99
186, 44, 337
186, 44, 108
186, 44, 346
186, 44, 117
186, 44, 355
186, 44, 364
186, 44, 602
186, 44, 373
186, 44, 611
186, 44, 202
186, 44, 211
186, 44, 220
186, 44, 229
186, 44, 467
186, 44, 238
186, 44, 476
186, 44, 485
186, 44, 67
186, 44, 494
186, 44, 76
186, 44, 503
186, 44, 85
186, 44, 94
186, 44, 332
186, 44, 103
186, 44, 341
186, 44, 350
186, 44, 588
186, 44, 359
186, 44, 597
186, 44, 368
186, 44, 606
186, 44, 615
186, 44, 197
186, 44, 206
186, 44, 215
186, 44, 453
186, 44, 224
186, 44, 462
186, 44, 233
186, 44, 471
186, 44, 480
186, 44, 62
186, 44, 489
186, 44, 71
186, 44, 80
186, 44, 318
186, 44, 89
186, 44, 327
186, 44, 98
186, 44, 336
186, 44, 345
186, 44, 583
186, 44, 354
186, 44, 592
186, 44, 601
186, 44, 183
186, 44, 610
186, 44, 192
186, 44, 201
186, 44, 210
186, 44, 448
186, 44, 219
186, 44, 457
186, 44, 466
186, 44, 48
186, 44, 475
186, 44, 57
186, 44, 484
186, 44, 66
186, 44, 75
186, 44, 313
186, 44, 84
186, 44, 322
186, 44, 331
186, 44, 569
186, 44, 340
186, 44, 578
186, 44, 349
186, 44, 587
186, 44, 596
186, 44, 178
186, 44, 605
186, 44, 187
186, 44, 196
186, 44, 434
186, 44, 205
186, 44, 443
186, 44, 214
186, 44, 452
186, 44, 461
186, 44, 43
186, 44, 470
186, 44, 52
186, 44, 61
186, 44, 299
186, 44, 70
186, 44, 308
186, 44, 79
186, 44, 317
186, 44, 555
186, 44, 326
186, 44, 564
186, 44, 335
186, 44, 573
186, 44, 582
186, 44, 164
186, 44, 591
186, 44, 173
186, 44, 182
186, 44, 420
186, 44, 191
186, 44, 429
186, 44, 200
186, 44, 438
186, 44, 447
186, 44, 29
186, 44, 456
186, 44, 38
186, 44, 47
186, 44, 285
186, 44, 56
186, 44, 294
186, 44, 65
186, 44, 303
186, 44, 312
186, 44, 550
186, 44, 321
186, 44, 559
186, 44, 568
186, 44, 150
186, 44, 577
186, 44, 159
186, 44, 586
186, 44, 168
186, 44, 177
186, 44, 415
186, 44, 186
186, 44, 424
186, 44, 433
186, 44, 15
186, 44, 442
186, 44, 24
186, 44, 451
186, 44, 33
186, 44, 42
186, 44, 280
186, 44, 51
186, 44, 289
186, 44, 298
186, 44, 536
186, 44, 307
186, 44, 545
186, 44, 316
186, 44, 554
186, 44, 563
186, 44, 145
186, 44, 572
186, 44, 154
186, 44, 163
186, 44, 401
186, 44, 172
186, 44, 410
186, 44, 181
186, 44, 419
186, 44, 428
186, 44, 437
186, 44, 19
186, 44, 28
186, 44, 266
186, 44, 37
186, 44, 275
186, 44, 46
186, 44, 284
186, 44, 293
186, 44, 531
186, 44, 302
186, 44, 540
186, 44, 549
186, 44, 131
186, 44, 558
186, 44, 140
186, 44, 567
186, 44, 149
186, 44, 158
186, 44, 396
186, 44, 167
186, 44, 405
186, 44, 414
186, 44, 423
186, 44, 432
186, 44, 23
186, 44, 261
186, 44, 32
186, 44, 270
186, 44, 279
186, 44, 517
186, 44, 288
186, 44, 526
186, 44, 297
186, 44, 535
186, 44, 544
186, 44, 126
186, 44, 553
186, 44, 135
186, 44, 144
186, 44, 382
186, 44, 153
186, 44, 391
186, 44, 162
186, 44, 400
186, 44, 409
186, 44, 418
186, 44, 247
186, 44, 18
186, 44, 256
186, 44, 27
186, 44, 265
186, 44, 274
186, 44, 512
186, 44, 283
186, 44, 521
186, 44, 530
186, 44, 112
186, 44, 539
186, 44, 121
186, 44, 548
186, 44, 130
186, 44, 139
186, 44, 377
186, 44, 148
186, 44, 386
186, 44, 395
186, 44, 404
186, 44, 413
186, 44, 242
186, 44, 251
186, 44, 260
186, 44, 498
186, 44, 269
186, 44, 507
186, 44, 278
186, 44, 516
186, 44, 525
186, 44, 107
186, 44, 534
186, 44, 116
186, 44, 125
186, 44, 363
186, 44, 134
186, 44, 372
186, 44, 143
186, 44, 381
186, 44, 390
186, 44, 399
186, 44, 228
186, 44, 237
186, 44, 246
186, 44, 255
186, 44, 493
186, 44, 264
186, 44, 502
186, 44, 511
186, 44, 93
186, 44, 520
186, 44, 102
186, 44, 529
186, 44, 111
186, 44, 120
186, 44, 358
186, 44, 129
186, 44, 367
186, 44, 376
186, 44, 614
186, 44, 385
186, 44, 394
186, 44, 223
186, 44, 232
186, 44, 241
186, 44, 479
186, 44, 250
186, 44, 488
186, 44, 259
186, 44, 497
186, 44, 506
186, 44, 88
186, 44, 515
186, 44, 97
186, 44, 106
186, 44, 344
186, 44, 115
186, 44, 353
186, 44, 124
186, 44, 362
186, 44, 600
186, 44, 371
186, 44, 609
186, 44, 380
186, 44, 209
186, 44, 218
186, 44, 227
186, 44, 465
186, 44, 236
186, 44, 474
186, 44, 245
186, 44, 483
186, 44, 492
186, 44, 74
186, 44, 501
186, 44, 83
186, 44, 92
186, 44, 330
186, 44, 101
186, 44, 339
186, 44, 110
186, 44, 348
186, 44, 357
186, 44, 595
186, 44, 366
186, 44, 604
186, 44, 613
186, 44, 195
186, 44, 204
186, 44, 213
186, 44, 222
186, 44, 460
186, 44, 231
186, 44, 469
186, 44, 478
186, 44, 60
186, 44, 487
186, 44, 69
186, 44, 496
186, 44, 78
186, 44, 87
186, 44, 325
186, 44, 96
186, 44, 334
186, 44, 343
186, 44, 581
186, 44, 352
186, 44, 590
186, 44, 361
186, 44, 599
186, 44, 608
186, 44, 190
186, 44, 199
186, 44, 208
186, 44, 446
186, 44, 217
186, 44, 455
186, 44, 226
186, 44, 464
186, 44, 473
186, 44, 55
186, 44, 482
186, 44, 64
186, 44, 73
186, 44, 311
186, 44, 82
186, 44, 320
186, 44, 91
186, 44, 329
186, 44, 338
186, 44, 576
186, 44, 347
186, 44, 585
186, 44, 594
186, 44, 176
186, 44, 603
186, 44, 185
186, 44, 612
186, 44, 194
186, 44, 203
186, 44, 441
186, 44, 212
186, 44, 450
186, 44, 459
186, 44, 41
186, 44, 468
186, 44, 50
186, 44, 477
186, 44, 59
186, 44, 68
186, 44, 306
186, 44, 77
186, 44, 315
186, 44, 324
186, 44, 562
186, 44, 333
186, 44, 571
186, 44, 342
186, 44, 580
186, 44, 589
186, 44, 171
186, 44, 598
186, 44, 180
186, 44, 189
186, 44, 427
186, 44, 198
186, 44, 436
186, 44, 207
186, 44, 445
186, 44, 454
186, 44, 36
186, 44, 463
186, 44, 45
186, 44, 54
186, 44, 292
186, 44, 63
186, 44, 301
186, 44, 72
186, 44, 310
186, 44, 319
186, 44, 557
186, 44, 328
186, 44, 566
186, 44, 575
186, 44, 157
186, 44, 584
186, 44, 166
186, 44, 593
186, 44, 175
186, 44, 184
186, 44, 422
186, 44, 193
186, 44, 431
186, 44, 440
186, 44, 22
186, 44, 449
186, 44, 31
186, 44, 458
186, 44, 40
186, 44, 49
186, 44, 287
186, 44, 58
186, 44, 296
186, 44, 305
186, 44, 543
186, 44, 314
186, 44, 552
186, 44, 323
186, 44, 561
186, 44, 570
186, 44, 152
186, 44, 579
186, 44, 161
186, 44, 170
186, 44, 408
186, 44, 179
186, 44, 417
186, 44, 188
186, 44, 426
186, 44, 435
186, 44, 17
186, 44, 444
186, 44, 26
186, 44, 35
