15, 115, 25
15, 115, 452
15, 115, 34
15, 115, 43
15, 115, 281
15, 115, 52
15, 115, 290
15, 115, 299
15, 115, 537
15, 115, 308
15, 115, 546
15, 115, 317
15, 115, 555
15, 115, 564
15, 115, 146
15, 115, 573
15, 115, 155
15, 115, 164
15, 115, 402
15, 115, 173
15, 115, 411
15, 115, 182
15, 115, 420
15, 115, 429
15, 115, 438
15, 115, 20
15, 115, 29
15, 115, 267
15, 115, 38
15, 115, 276
15, 115, 47
15, 115, 285
15, 115, 294
15, 115, 532
15, 115, 303
15, 115, 541
15, 115, 550
15, 115, 132
15, 115, 559
15, 115, 141
15, 115, 568
15, 115, 150
15, 115, 159
15, 115, 397
15, 115, 168
15, 115, 406
15, 115, 415
15, 115, 424
15, 115, 433
15, 115, 15
15, 115, 24
15, 115, 262
15, 115, 33
15, 115, 271
15, 115, 280
15, 115, 518
15, 115, 289
15, 115, 527
15, 115, 298
15, 115, 536
15, 115, 545
15, 115, 127
15, 115, 554
15, 115, 136
15, 115, 145
15, 115, 383
15, 115, 154
15, 115, 392
15, 115, 163
15, 115, 401
15, 115, 410
15, 115, 419
15, 115, 248
15, 115, 19
15, 115, 257
15, 115, 28
15, 115, 266
15, 115, 275
15, 115, 513
15, 115, 284
15, 115, 522
15, 115, 531
15, 115, 113
15, 115, 540
15, 115, 122
15, 115, 549
15, 115, 131
15, 115, 140
15, 115, 378
15, 115, 149
15, 115, 387
15, 115, 396
15, 115, 405
15, 115, 414
15, 115, 243
15, 115, 252
15, 115, 261
15, 115, 499
15, 115, 270
15, 115, 508
15, 115, 279
15, 115, 517
15, 115, 526
15, 115, 108
15, 115, 443
15, 115, 535
15, 115, 117
15, 115, 126
15, 115, 364
15, 115, 135
15, 115, 373
15, 115, 144
15, 115, 382
15, 115, 391
15, 115, 400
15, 115, 229
15, 115, 238
15, 115, 247
15, 115, 485
15, 115, 256
15, 115, 494
15, 115, 265
15, 115, 503
15, 115, 512
15, 115, 94
15, 115, 521
15, 115, 103
15, 115, 112
15, 115, 350
15, 115, 121
15, 115, 359
15, 115, 130
15, 115, 368
15, 115, 377
15, 115, 615
15, 115, 386
15, 115, 215
15, 115, 224
15, 115, 233
15, 115, 242
15, 115, 480
15, 115, 251
15, 115, 489
15, 115, 498
15, 115, 80
15, 115, 507
15, 115, 89
15, 115, 516
15, 115, 98
15, 115, 107
15, 115, 345
15, 115, 116
15, 115, 354
15, 115, 363
15, 115, 601
15, 115, 372
15, 115, 610
15, 115, 381
15, 115, 210
15, 115, 219
15, 115, 228
15, 115, 466
15, 115, 237
15, 115, 475
15, 115, 246
15, 115, 484
15, 115, 493
15, 115, 75
15, 115, 502
15, 115, 84
15, 115, 93
15, 115, 331
15, 115, 102
15, 115, 340
15, 115, 111
15, 115, 349
15, 115, 358
15, 115, 596
15, 115, 367
15, 115, 605
15, 115, 614
15, 115, 196
15, 115, 205
15, 115, 214
15, 115, 223
15, 115, 461
15, 115, 232
15, 115, 470
15, 115, 479
15, 115, 61
15, 115, 488
15, 115, 70
15, 115, 497
15, 115, 79
15, 115, 88
15, 115, 326
15, 115, 97
15, 115, 335
15, 115, 344
15, 115, 582
15, 115, 353
15, 115, 591
15, 115, 362
15, 115, 600
15, 115, 609
15, 115, 191
15, 115, 200
15, 115, 209
15, 115, 447
15, 115, 218
15, 115, 456
15, 115, 227
15, 115, 465
15, 115, 474
15, 115, 56
15, 115, 483
15, 115, 65
15, 115, 74
15, 115, 312
15, 115, 83
15, 115, 321
15, 115, 92
15, 115, 330
15, 115, 339
15, 115, 577
15, 115, 348
15, 115, 586
15, 115, 595
15, 115, 177
15, 115, 604
15, 115, 186
15, 115, 613
15, 115, 195
15, 115, 204
15, 115, 442
15, 115, 213
15, 115, 451
15, 115, 460
15, 115, 42
15, 115, 469
15, 115, 51
15, 115, 478
15, 115, 60
15, 115, 69
15, 115, 307
15, 115, 78
15, 115, 316
15, 115, 325
15, 115, 563
15, 115, 334
15, 115, 572
15, 115, 343
15, 115, 581
15, 115, 590
15, 115, 172
15, 115, 599
15, 115, 181
15, 115, 190
15, 115, 428
15, 115, 199
15, 115, 437
15, 115, 208
15, 115, 446
15, 115, 455
15, 115, 37
15, 115, 464
15, 115, 46
15, 115, 55
15, 115, 293
15, 115, 64
15, 115, 302
15, 115, 73
15, 115, 311
15, 115, 320
15, 115, 558
15, 115, 329
15, 115, 567
15, 115, 576
15, 115, 158
15, 115, 585
15, 115, 167
15, 115, 594
15, 115, 176
15, 115, 185
15, 115, 423
15, 115, 194
15, 115, 432
15, 115, 441
15, 115, 23
15, 115, 450
15, 115, 32
15, 115, 459
15, 115, 41
15, 115, 50
15, 115, 288
15, 115, 59
15, 115, 297
15, 115, 306
15, 115, 544
15, 115, 315
15, 115, 553
15, 115, 324
15, 115, 562
15, 115, 571
15, 115, 153
15, 115, 580
15, 115, 162
15, 115, 171
15, 115, 409
15, 115, 180
15, 115, 418
15, 115, 189
15, 115, 427
15, 115, 436
15, 115, 18
15, 115, 445
15, 115, 27
15, 115, 36
15, 115, 274
15, 115, 45
15, 115, 283
15, 115, 54
15, 115, 292
15, 115, 530
15, 115, 301
15, 115, 539
15, 115, 310
15, 115, 548
15, 115, 557
15, 115, 139
15, 115, 566
15, 115, 148
15, 115, 157
15, 115, 395
15, 115, 166
15, 115, 404
15, 115, 175
15, 115, 413
15, 115, 422
15, 115, 431
15, 115, 22
15, 115, 260
15, 115, 31
15, 115, 269
15, 115, 40
15, 115, 278
15, 115, 287
15, 115, 525
15, 115, 296
15, 115, 534
15, 115, 543
15, 115, 125
15, 115, 552
15, 115, 134
15, 115, 561
15, 115, 143
15, 115, 152
15, 115, 390
15, 115, 161
15, 115, 399
15, 115, 408
15, 115, 417
15, 115, 426
15, 115, 17
15, 115, 255
15, 115, 26
15, 115, 264
15, 115, 273
15, 115, 511
15, 115, 282
15, 115, 520
15, 115, 291
15, 115, 529
15, 115, 538
15, 115, 120
15, 115, 547
15, 115, 129
15, 115, 138
15, 115, 376
15, 115, 147
15, 115, 385
15, 115, 156
15, 115, 394
15, 115, 403
15, 115, 412
15, 115, 241
15, 115, 250
15, 115, 21
15, 115, 259
15, 115, 268
15, 115, 506
15, 115, 277
15, 115, 515
15, 115, 524
15, 115, 106
15, 115, 533
15, 115, 115
15, 115, 542
15, 115, 124
15, 115, 133
15, 115, 371
15, 115, 142
15, 115, 380
15, 115, 389
15, 115, 398
15, 115, 407
15, 115, 236
15, 115, 245
15, 115, 254
15, 115, 492
15, 115, 263
15, 115, 501
15, 115, 272
15, 115, 510
15, 115, 519
15, 115, 101
15, 115, 528
15, 115, 110
15, 115, 119
15, 115, 357
15, 115, 128
15, 115, 366
15, 115, 137
15, 115, 375
15, 115, 384
15, 115, 393
15, 115, 222
15, 115, 231
15, 115, 240
15, 115, 249
15, 115, 487
15, 115, 258
15, 115, 496
15, 115, 505
15, 115, 87
15, 115, 514
15, 115, 96
15, 115, 523
15, 115, 105
15, 115, 114
15, 115, 352
15, 115, 123
15, 115, 361
15, 115, 370
15, 115, 608
15, 115, 379
15, 115, 388
15, 115, 217
15, 115, 226
15, 115, 235
15, 115, 473
15, 115, 244
15, 115, 482
15, 115, 253
15, 115, 491
15, 115, 500
15, 115, 82
15, 115, 509
15, 115, 91
15, 115, 100
15, 115, 338
15, 115, 109
15, 115, 347
15, 115, 118
15, 115, 356
15, 115, 365
15, 115, 603
15, 115, 374
15, 115, 612
15, 115, 203
15, 115, 212
15, 115, 221
15, 115, 230
15, 115, 468
15, 115, 239
15, 115, 477
15, 115, 486
15, 115, 68
15, 115, 495
15, 115, 77
15, 115, 504
15, 115, 86
15, 115, 95
15, 115, 333
15, 115, 104
15, 115, 342
15, 115, 351
15, 115, 589
15, 115, 360
15, 115, 598
15, 115, 369
15, 115, 607
15, 115, 198
15, 115, 207
15, 115, 216
15, 115, 454
15, 115, 225
15, 115, 463
15, 115, 234
15, 115, 472
15, 115, 481
15, 115, 63
15, 115, 490
15, 115, 72
15, 115, 81
15, 115, 319
15, 115, 90
15, 115, 328
15, 115, 99
15, 115, 337
15, 115, 575
15, 115, 346
15, 115, 584
15, 115, 355
15, 115, 593
15, 115, 602
15, 115, 184
15, 115, 611
15, 115, 193
15, 115, 202
15, 115, 440
15, 115, 211
15, 115, 449
15, 115, 220
15, 115, 458
15, 115, 467
15, 115, 49
15, 115, 476
15, 115, 58
15, 115, 67
15, 115, 305
15, 115, 76
15, 115, 314
15, 115, 85
15, 115, 323
15, 115, 332
15, 115, 570
15, 115, 341
15, 115, 579
15, 115, 588
15, 115, 170
15, 115, 597
15, 115, 179
15, 115, 606
15, 115, 188
15, 115, 197
15, 115, 435
15, 115, 206
15, 115, 444
15, 115, 453
15, 115, 35
15, 115, 462
15, 115, 44
15, 115, 471
15, 115, 53
15, 115, 62
15, 115, 300
15, 115, 71
15, 115, 309
15, 115, 318
15, 115, 556
15, 115, 327
15, 115, 565
15, 115, 336
15, 115, 574
15, 115, 583
15, 115, 165
15, 115, 592
15, 115, 174
15, 115, 183
15, 115, 421
15, 115, 192
15, 115, 430
15, 115, 201
15, 115, 439
15, 115, 448
15, 115, 30
15, 115, 457
15, 115, 39
15, 115, 48
15, 115, 286
15, 115, 57
15, 115, 295
15, 115, 66
15, 115, 304
15, 115, 313
15, 115, 551
15, 115, 322
15, 115, 560
15, 115, 569
15, 115, 151
15, 115, 578
15, 115, 160
15, 115, 587
15, 115, 169
15, 115, 178
15, 115, 416
15, 115, 187
15, 115, 425
15, 115, 434
15, 115, 16
