115, 215, 439
115, 215, 448
115, 215, 30
115, 215, 457
115, 215, 39
115, 215, 466
115, 215, 48
115, 215, 57
115, 215, 295
115, 215, 66
115, 215, 304
115, 215, 313
115, 215, 551
115, 215, 322
115, 215, 560
115, 215, 331
115, 215, 569
115, 215, 578
115, 215, 160
115, 215, 587
115, 215, 169
115, 215, 178
115, 215, 416
115, 215, 187
115, 215, 425
115, 215, 196
115, 215, 434
115, 215, 443
115, 215, 25
115, 215, 452
115, 215, 34
115, 215, 43
115, 215, 281
115, 215, 52
115, 215, 290
115, 215, 61
115, 215, 299
115, 215, 308
115, 215, 546
115, 215, 317
115, 215, 555
115, 215, 564
115, 215, 146
115, 215, 573
115, 215, 155
115, 215, 582
115, 215, 164
115, 215, 173
115, 215, 411
115, 215, 182
115, 215, 420
115, 215, 429
115, 215, 438
115, 215, 20
115, 215, 447
115, 215, 29
115, 215, 38
115, 215, 276
115, 215, 47
115, 215, 285
115, 215, 294
115, 215, 532
115, 215, 303
115, 215, 541
115, 215, 312
115, 215, 550
115, 215, 559
115, 215, 141
115, 215, 568
115, 215, 150
115, 215, 159
115, 215, 397
115, 215, 168
115, 215, 406
115, 215, 177
115, 215, 415
115, 215, 424
115, 215, 433
115, 215, 15
115, 215, 24
115, 215, 262
115, 215, 33
115, 215, 271
115, 215, 42
115, 215, 280
115, 215, 289
115, 215, 527
115, 215, 298
115, 215, 536
115, 215, 545
115, 215, 127
115, 215, 554
115, 215, 136
115, 215, 563
115, 215, 145
115, 215, 154
115, 215, 392
115, 215, 163
115, 215, 401
115, 215, 410
115, 215, 419
115, 215, 428
115, 215, 19
115, 215, 257
115, 215, 28
115, 215, 266
115, 215, 275
115, 215, 513
115, 215, 284
115, 215, 522
115, 215, 293
115, 215, 531
115, 215, 540
115, 215, 122
115, 215, 549
115, 215, 131
115, 215, 140
115, 215, 378
115, 215, 149
115, 215, 387
115, 215, 158
115, 215, 396
115, 215, 405
115, 215, 414
115, 215, 243
115, 215, 252
115, 215, 23
115, 215, 261
115, 215, 499
115, 215, 270
115, 215, 508
115, 215, 279
115, 215, 517
115, 215, 526
115, 215, 108
115, 215, 535
115, 215, 117
115, 215, 126
115, 215, 364
115, 215, 135
115, 215, 373
115, 215, 144
115, 215, 382
115, 215, 391
115, 215, 400
115, 215, 238
115, 215, 247
115, 215, 256
115, 215, 494
115, 215, 265
115, 215, 503
115, 215, 512
115, 215, 521
115, 215, 103
115, 215, 530
115, 215, 112
115, 215, 121
115, 215, 359
115, 215, 130
115, 215, 368
115, 215, 139
115, 215, 377
115, 215, 615
115, 215, 386
115, 215, 395
115, 215, 224
115, 215, 233
115, 215, 242
115, 215, 480
115, 215, 251
115, 215, 489
115, 215, 260
115, 215, 498
115, 215, 507
115, 215, 89
115, 215, 516
115, 215, 98
115, 215, 107
115, 215, 345
115, 215, 116
115, 215, 354
115, 215, 125
115, 215, 363
115, 215, 372
115, 215, 610
115, 215, 381
115, 215, 210
115, 215, 219
115, 215, 228
115, 215, 237
115, 215, 475
115, 215, 246
115, 215, 484
115, 215, 493
115, 215, 75
115, 215, 502
115, 215, 84
115, 215, 511
115, 215, 93
115, 215, 102
115, 215, 340
115, 215, 111
115, 215, 349
115, 215, 358
115, 215, 596
115, 215, 367
115, 215, 605
115, 215, 376
115, 215, 614
115, 215, 205
115, 215, 214
115, 215, 223
115, 215, 461
115, 215, 232
115, 215, 470
115, 215, 241
115, 215, 479
115, 215, 488
115, 215, 70
115, 215, 497
115, 215, 79
115, 215, 88
115, 215, 326
115, 215, 97
115, 215, 335
115, 215, 106
115, 215, 344
115, 215, 353
115, 215, 591
115, 215, 362
115, 215, 600
115, 215, 609
115, 215, 191
115, 215, 200
115, 215, 209
115, 215, 218
115, 215, 456
115, 215, 227
115, 215, 465
115, 215, 474
115, 215, 56
115, 215, 483
115, 215, 65
115, 215, 492
115, 215, 74
115, 215, 83
115, 215, 321
115, 215, 92
115, 215, 330
115, 215, 339
115, 215, 577
115, 215, 348
115, 215, 586
115, 215, 357
115, 215, 595
115, 215, 604
115, 215, 186
115, 215, 613
115, 215, 195
115, 215, 204
115, 215, 442
115, 215, 213
115, 215, 451
115, 215, 222
115, 215, 460
115, 215, 469
115, 215, 51
115, 215, 478
115, 215, 60
115, 215, 69
115, 215, 307
115, 215, 78
115, 215, 316
115, 215, 87
115, 215, 325
115, 215, 334
115, 215, 572
115, 215, 343
115, 215, 581
115, 215, 590
115, 215, 172
115, 215, 599
115, 215, 181
115, 215, 608
115, 215, 190
115, 215, 199
115, 215, 437
115, 215, 208
115, 215, 446
115, 215, 455
115, 215, 37
115, 215, 464
115, 215, 46
115, 215, 473
115, 215, 55
115, 215, 64
115, 215, 302
115, 215, 73
115, 215, 311
115, 215, 320
115, 215, 558
115, 215, 329
115, 215, 567
115, 215, 338
115, 215, 576
115, 215, 585
115, 215, 167
115, 215, 594
115, 215, 176
115, 215, 185
115, 215, 423
115, 215, 194
115, 215, 432
115, 215, 203
115, 215, 441
115, 215, 450
115, 215, 32
115, 215, 459
115, 215, 41
115, 215, 50
115, 215, 288
115, 215, 59
115, 215, 297
115, 215, 68
115, 215, 306
115, 215, 544
115, 215, 315
115, 215, 553
115, 215, 324
115, 215, 562
115, 215, 571
115, 215, 153
115, 215, 580
115, 215, 162
115, 215, 171
115, 215, 409
115, 215, 180
115, 215, 418
115, 215, 189
115, 215, 427
115, 215, 436
115, 215, 18
115, 215, 445
115, 215, 27
115, 215, 36
115, 215, 274
115, 215, 45
115, 215, 283
115, 215, 54
115, 215, 292
115, 215, 301
115, 215, 539
115, 215, 310
115, 215, 548
115, 215, 557
115, 215, 566
115, 215, 148
115, 215, 575
115, 215, 157
115, 215, 166
115, 215, 404
115, 215, 175
115, 215, 413
115, 215, 184
115, 215, 422
115, 215, 431
115, 215, 440
115, 215, 22
115, 215, 31
115, 215, 269
115, 215, 40
115, 215, 278
115, 215, 49
115, 215, 287
115, 215, 525
115, 215, 296
115, 215, 534
115, 215, 305
115, 215, 543
115, 215, 552
115, 215, 134
115, 215, 561
115, 215, 143
115, 215, 152
115, 215, 390
115, 215, 161
115, 215, 399
115, 215, 170
115, 215, 408
115, 215, 417
115, 215, 426
115, 215, 17
115, 215, 255
115, 215, 26
115, 215, 264
115, 215, 35
115, 215, 273
115, 215, 282
115, 215, 520
115, 215, 291
115, 215, 529
115, 215, 538
115, 215, 120
115, 215, 547
115, 215, 129
115, 215, 556
115, 215, 138
115, 215, 147
115, 215, 385
115, 215, 156
115, 215, 394
115, 215, 403
115, 215, 412
115, 215, 421
115, 215, 250
115, 215, 21
115, 215, 259
115, 215, 268
115, 215, 506
115, 215, 277
115, 215, 515
115, 215, 286
115, 215, 524
115, 215, 533
115, 215, 115
115, 215, 542
115, 215, 124
115, 215, 133
115, 215, 371
115, 215, 142
115, 215, 380
115, 215, 151
115, 215, 389
115, 215, 398
115, 215, 407
115, 215, 236
115, 215, 245
115, 215, 16
115, 215, 254
115, 215, 263
115, 215, 501
115, 215, 272
115, 215, 510
115, 215, 519
115, 215, 101
115, 215, 528
115, 215, 110
115, 215, 537
115, 215, 119
115, 215, 128
115, 215, 366
115, 215, 137
115, 215, 375
115, 215, 384
115, 215, 393
115, 215, 402
115, 215, 231
115, 215, 240
115, 215, 249
115, 215, 487
115, 215, 258
115, 215, 496
115, 215, 267
115, 215, 505
115, 215, 514
115, 215, 96
115, 215, 523
115, 215, 105
115, 215, 114
115, 215, 352
115, 215, 123
115, 215, 361
115, 215, 132
115, 215, 370
115, 215, 379
115, 215, 388
115, 215, 217
115, 215, 226
115, 215, 235
115, 215, 244
115, 215, 482
115, 215, 253
115, 215, 491
115, 215, 500
115, 215, 82
115, 215, 509
115, 215, 91
115, 215, 518
115, 215, 100
115, 215, 109
115, 215, 347
115, 215, 118
115, 215, 356
115, 215, 365
115, 215, 603
115, 215, 374
115, 215, 612
115, 215, 383
115, 215, 212
115, 215, 221
115, 215, 230
115, 215, 468
115, 215, 239
115, 215, 477
115, 215, 248
115, 215, 486
115, 215, 495
115, 215, 77
115, 215, 504
115, 215, 86
115, 215, 95
115, 215, 333
115, 215, 104
115, 215, 342
115, 215, 113
115, 215, 351
115, 215, 589
115, 215, 360
115, 215, 598
115, 215, 369
115, 215, 607
115, 215, 198
115, 215, 207
115, 215, 216
115, 215, 454
115, 215, 225
115, 215, 463
115, 215, 234
115, 215, 472
115, 215, 481
115, 215, 63
115, 215, 490
115, 215, 72
115, 215, 81
115, 215, 319
115, 215, 90
115, 215, 328
115, 215, 99
115, 215, 337
115, 215, 346
115, 215, 584
115, 215, 355
115, 215, 593
115, 215, 602
115, 215, 611
115, 215, 193
115, 215, 202
115, 215, 211
115, 215, 449
115, 215, 220
115, 215, 458
115, 215, 229
115, 215, 467
115, 215, 476
115, 215, 58
115, 215, 485
115, 215, 67
115, 215, 76
115, 215, 314
115, 215, 85
115, 215, 323
115, 215, 94
115, 215, 332
115, 215, 570
115, 215, 341
115, 215, 579
115, 215, 350
115, 215, 588
115, 215, 597
115, 215, 179
115, 215, 606
115, 215, 188
115, 215, 197
115, 215, 435
115, 215, 206
115, 215, 444
115, 215, 215
115, 215, 453
115, 215, 462
115, 215, 44
115, 215, 471
115, 215, 53
115, 215, 62
115, 215, 300
115, 215, 71
115, 215, 309
115, 215, 80
115, 215, 318
115, 215, 327
115, 215, 565
115, 215, 336
115, 215, 574
115, 215, 583
115, 215, 165
115, 215, 592
115, 215, 174
115, 215, 601
115, 215, 183
115, 215, 192
115, 215, 430
115, 215, 201
